0.7549750212754676   0.7091583723635009   0.04598347328849406   0.049009157156834404
0.8566638082867409   0.6005821592651683   0.1851982672198531   0.3213503478235904
0.7630314651359321   0.9125770744549376   0.33341080926437594   0.4070333398081363
0.8194772579501647   0.7204127608967237   0.4547095775488178   0.7203690940542303
0.6048596204116179   0.8516904878884413   0.22248270225681732   0.46362718516954715
0.8705731910312363   0.14444618801377063   0.34307096040255813   0.08434677319947925
0.8826194684134465   0.7077672950500273   0.371259643098106   0.17153240590340624
0.6253109850994916   0.5343201704202005   0.32055200516933713   0.2969188572986726
0.6682161264374857   0.9866658275698528   0.0327049012753875   0.03394603165284238
0.8651131857274452   0.8221424444977911   0.4080199673470919   0.358297521732166
0.9441720902786324   0.6929672151874811   0.5335207356386399   0.10009785494247514
0.8777921250129129   0.8838100114890579   0.22113601711559738   0.3231040391006067
0.65554851752269   0.3733636364266699   0.6321685256800534   0.1824091747560701
0.8402982119561269   0.476019043831585   0.11078712555496317   0.08643615799566895
0.8912986866191697   0.7465049098874895   0.5414185393950907   0.17768321620289862
0.8022905109739152   0.20744410335082641   0.7932561327649317   0.1429827483243875
0.6741601177949554   0.6134905481787595   0.5540435638580753   0.5130009856827447
0.8276325895110983   0.9159206346575599   0.39405995095630963   0.5773534651432802
0.5175114002065839   0.9725939663433424   0.34874694475390033   0.5071932268542305
0.8530670575267512   0.24789414180149638   0.47095859135186924   0.14760061908556577
0.7408913832195978   0.9411311347547552   0.06000614363129719   0.4969612231958703
0.9431610130309114   0.5161327323965812   0.1950359307924444   0.1869972496571286
0.9214925050203419   0.9866417190004769   0.3688646372792542   0.8178916944823106
0.8532700293023473   0.9873561524792993   0.44022808241754907   0.946210184535755
0.5736036890900768   0.7434006254457207   0.3323182434770713   0.2267103143808611
0.5082131142552722   0.5207880965041315   0.6959725238660108   0.514984889392215
0.743579593072939   0.24333164401319696   0.24042198183137775   0.17445555447430572
0.7902952017459967   0.820147526745714   0.16739049912482484   0.26711434042095294
0.8784403984851519   0.9855636254782707   0.47441838158448824   0.8996302945032988
0.7159867473010628   0.7199623988273107   0.40165036596477677   0.4115173638428815
0.951914126608244   0.9160472526000727   0.4953045864251695   0.7201704126999422
0.5806666242422935   0.9516608099717021   0.4603780425642229   0.2580447185380198
0.9566979112418574   0.6673480357599066   0.4761343299039955   0.17176253524481688
0.7246484063336214   0.4241618430646015   0.6326820213134822   0.17098213253171635
0.7764998321188392   0.7384929409622544   0.5187809397829238   0.3225781168673052
0.6587106627306759   0.4614585462954184   0.9800052311325363   0.18650949861687827
0.8140926291630681   0.5100056526610903   0.327765029151052   0.2549947934882719
0.9097811225086442   0.8442502031793565   0.18921660994793543   0.8147117603674224
0.7230387363791374   0.22637476942005652   0.45275158809701443   0.034423485772366536
0.5248702665238509   0.8744532347215799   0.4371126654719716   0.5761694933110207
0.6783770071836751   0.5610287379775695   0.4078787232728861   0.3224726457586288
0.8173061154491178   0.45763254719971824   0.6427094822505911   0.028238434334436402
0.8369291551298264   0.2657959608613837   0.4773356575916293   0.26432181706742996
0.586079969501951   0.9748597818461778   0.035634722947324615   0.070266894439723
0.9913318833615984   0.348915743162895   0.6876324399419225   0.038461396521390356
0.9417533901835742   0.5821939437946552   0.12053873061331588   0.0925624804522448
0.5828441145605012   0.4392974290825137   0.6561333335208399   0.20447382760691468
0.7658381416162738   0.6005821592651683   0.1851982672198531   0.3213503478235904
0.8194772579501647   0.8516904878884413   0.22248270225681732   0.35993844173825984
0.8826194684134465   0.5343201704202005   0.32055200516933713   0.08703012732269533
0.6253109850994916   0.5330514225560826   0.0327049012753875   0.03394603165284238
0.65554851752269   0.476019043831585   0.11078712555496317   0.3197096409056598
0.8022905109739152   0.6134905481787595   0.3948367190973795   0.5130009856827447
0.5175114002065839   0.24789414180149638   0.6014620047262959   0.14760061908556577
0.5519058205100531   0.9866417190004769   0.3688646372792542   0.8178916944823106
0.8532700293023473   0.7434006254457207   0.3323182434770713   0.6670922261552725
0.5082131142552722   0.24333164401319696   0.24042198183137775   0.10526727194934116
0.7271765376789872   0.820147526745714   0.16739049912482484   0.26711434042095294
0.8784403984851519   0.7199623988273107   0.40165036596477677   0.696685664586431
0.7159867473010628   0.9160472526000727   0.4953045864251695   0.2575477100562562
0.951914126608244   0.3928547685222613   0.4603780425642229   0.2580447185380198
0.9566979112418574   0.5280797147981954   0.6326820213134822   0.17098213253171635
0.7246484063336214   0.9511011474310413   0.5187809397829238   0.3225781168673052
0.6587106627306759   0.5100056526610903   0.2745425177231937   0.2549947934882719
0.5248702665238509   0.35064857444356134   0.4078787232728861   0.3224726457586288
0.6783770071836751   0.45763254719971824   0.10109471570845541   0.028238434334436402
0.8727223701893916   0.2657959608613837   0.4773356575916293   0.26432181706742996
0.9913318833615984   0.48083121576884813   0.12053873061331588   0.0925624804522448
0.9417533901835742   0.4392974290825137   0.3963904243851545   0.20447382760691468
0.5828441145605012   0.7733178211021982   0.20430541450104656   0.6037178495959409
0.5326105142280771   0.4278199702916806   0.9027592293685193   0.24605656862156366
0.5253531247587896   0.7523815714170234   0.07046008480977972   0.0946137230062668
0.9857803782967304   0.8320627176470649   0.21041276113848206   0.06137841088230456
0.605808907856316   0.5364691545915998   0.4203230397316463   0.45961034699233194
0.9986676374165572   0.9479115427465257   0.2148454504738564   0.7621419193339778
0.724037149780371   0.3230946145612411   0.14031623656690406   0.20517377351902433
0.774428780855775   0.4795634576867487   0.5498189588130832   0.0023512005525148094
0.7092816736408423   0.5034345956991727   0.205795442922188   0.09030491189840895
0.8276569326564258   0.9247294978884059   0.5264939156673555   0.7188726618047705
0.7727386925508953   0.687248320975993   0.11613126970848686   0.22506292867137445
0.6544058781029921   0.5671002040175614   0.4674538833399494   0.40630572405816934
0.8541870367719953   0.8604841635727313   0.2445915178569832   0.7933005799091479
0.5099774051199084   0.7462754699396377   0.17283691773479148   0.11469119881000445
0.997736858759678   0.5414874437772815   0.8172240449923953   0.0571895174332504
0.9666762554707483   0.42085635223905016   0.37681671835707065   0.3945993639085458
0.5296419598663178   0.478241130936532   0.2144422128817196   0.34570343925379243
0.5765628485776855   0.44456284863834283   0.3842741424409132   0.2895372125884378
0.5955560747817492   0.8981174873601636   0.022363864541666834   0.7210628703840729
0.8434309963559926   0.7540065227170956   0.640981023809463   0.20543413562682888
0.8547166977323979   0.9056993758589112   0.28650838823658853   0.17429915033218013
0.8427050786631769   0.9115782343921172   0.3017566661503648   0.781802551141519
0.6803856949993343   0.07321331101966555   0.35462331397125235   0.061273698128027854
0.8876167325923642   0.5500267049788569   0.5862430379909568   0.45523511041563425
0.5163224415636175   0.4521885352860512   0.8072998058305109   0.17763128523526295
0.6873757037050541   0.8275617229052109   0.1208646261944607   0.07051466358987413
0.6161425191251392   0.20342227229507914   0.06511621153651326   0.11201228697869992
0.7641275714250207   0.49767866485431167   0.6231172879176322   0.05328611793906013
0.9922698973207862   0.1531615248549819   0.10566580068490583   0.04387119291024166
0.8520412297013938   0.27493247759972694   0.36566352846674954   0.0895754982220972
0.8251989650614575   0.752029113741353   0.6233556373228316   0.41339251509724584
0.7290704296609787   0.3914970015390288   0.9789603892643194   0.0709732069990594
0.6509900472882822   0.5694240815143848   0.44355047479749254   0.07499250699203919
0.9576236831309198   0.24100430993388977   0.6874209842190591   0.14279995027295478
0.7039995749565502   0.8575807746231225   0.5091205125291881   0.7556736290285464
0.9654160225249133   0.9125069248816021   0.3507420406146893   0.5932089213913971
0.5696372580542347   0.766731792876533   0.570427896744599   0.17887190575669498
0.6910841684369541   0.8499190926236794   0.19509364256890993   0.8299533756519037
0.9705898966544794   0.6787705440187496   0.25173947593538126   0.005150671256551775
0.9800627140034708   0.7092562038249163   0.44220430416256007   0.37001934022349336
0.5795309052865305   0.8998301635931923   0.4426479649501851   0.11613675322788197
0.8134725221157204   0.6768800121216727   0.5507184260437133   0.13438130000660686
0.9274387333877866   0.34221903241300544   0.18220364532742306   0.3361565581348803
0.5556281779202512   0.5903553139863219   0.6934910814493387   0.5398428258005803
0.5971268303624948   0.8021502520129895   0.1950466295942972   0.5362724436691101
0.9498453447739954   0.7974211702089896   0.3802152954822463   0.3922758119851961
0.8989485381802533   0.549598628657796   0.21367888625665432   0.14983738880492348
0.8310116403518855   0.7567954177164049   0.2995622264537904   0.7066885237109122
0.9290923023175287   0.31373996282184435   0.006116072132861583   0.13361407058766617
0.8405546293760433   0.9982432615228185   0.011451582117980696   0.09371188418297205
0.7710880440384729   0.45369673216845496   0.6780900084465268   0.3276196511255063
0.57916625944389   0.8046134706220623   0.43385039392346914   0.7574013433747733
0.8315871581058948   0.1531615248549819   0.10566580068490583   0.04387119291024166
0.9922698973207862   0.27493247759972694   0.14946173966462095   0.0895754982220972
0.9213473961661974   0.752029113741353   0.6233556373228316   0.41339251509724584
0.8251989650614575   0.3914970015390288   0.9789603892643194   0.36156907517939496
0.9576236831309198   0.8575807746231225   0.5091205125291881   0.7616519300452782
0.7039995749565502   0.6997146208726727   0.3507420406146893   0.5932089213913971
0.5446498657735447   0.766731792876533   0.570427896744599   0.17887190575669498
0.9705898966544794   0.7092562038249163   0.44220430416256007   0.0630350338166209
0.9800627140034708   0.8998301635931923   0.4426479649501851   0.12361525210126212
0.9274387333877866   0.5903553139863219   0.7644072672672996   0.5398428258005803
0.5556281779202512   0.610950666510945   0.1950466295942972   0.5362724436691101
0.5746046410580472   0.7974211702089896   0.3802152954822463   0.3922758119851961
0.9498453447739954   0.549598628657796   0.4127697036631832   0.14983738880492348
0.6220683937489747   0.7567954177164049   0.2995622264537904   0.7066885237109122
0.5954052328522632   0.9982432615228185   0.011451582117980696   0.09371188418297205
0.6144299908085218   0.45369673216845496   0.6780900084465268   0.3276196511255063
0.647186698742356   0.9091543001189554   0.08078741035041115   0.6260134802969629
0.7003553618755769   0.561907380778345   0.6946093109227389   0.3435372113901253
0.6343865913563218   0.5095232055510639   0.8168385540092159   0.505074072855358
0.8534842814979161   0.3010768115192225   0.8859701797069941   0.28819090634533195
0.765118775753644   0.8982793790848576   0.2366411033635306   0.568045770464682
0.9958595877797817   0.6751254795392344   0.4816832495219211   0.6225774243686475
0.6381462584632205   0.7448962644695453   0.1471457713665748   0.1750184770143638
0.8655164698270116   0.4946601390513157   0.6377382053697046   0.41231490457708986
0.8639603323188886   0.8320627176470649   0.21041276113848206   0.7806167063337796
0.5453433167803555   0.45235964459151645   0.15563652789237115   0.4119028745606488
0.724037149780371   0.6221643392518019   0.14031623656690406   0.5519371311877033
0.7812211887464825   0.8218345902471567   0.3840745194355383   0.7023515905367509
0.7092816736408423   0.5034345956991727   0.14408256845604672   0.4003340352519489
0.7727386925508953   0.1513186274343058   0.11613126970848686   0.08689845564669763
0.7979293749191888   0.49841673905192285   0.4077106873019509   0.372088567977952
0.5549820253641297   0.6830131690179237   0.25452180262847646   0.09219931689485883
0.8922616705250241   0.5318172599087246   0.7929876936481312   0.2808233453029667
0.6749008285240082   0.7201549650667681   0.3516834691065658   0.5027642805227986
0.6435004031714059   0.478241130936532   0.2144422128817196   0.34570343925379243
0.9377041153488271   0.09164821241405086   0.00805602827561136   0.045657816300376464
0.5955560747817492   0.8981174873601636   0.24047987383377878   0.43390628751219884
0.971700739561799   0.5283265711496135   0.16384884663303378   0.16400547577996671
0.8547166977323979   0.4366871327935773   0.1582359887817224   0.17429915033218013
0.6803856949993343   0.07321331101966555   0.37517972109094766   0.061273698128027854
0.8444194457616411   0.7850749589840634   0.4779430521872894   0.5408211125523689
0.6873757037050541   0.30733589316266885   0.1208646261944607   0.021657562815393328
0.6895769882404984   0.3159331978464144   0.39674233850810237   0.12324502040649077
0.7271356423456256   0.9476428328793836   0.18538407624172581   0.8628453117079141
0.8869715408710771   0.6163531242182305   0.021165821919552408   0.4138666897930887
0.5567361610966363   0.2423875351349346   0.2339891831087949   0.18256391476466316
0.7146096018012281   0.21608201261077853   0.7893935639918911   0.08552789729126231
0.5574904100366955   0.2812070552749424   0.7491301791165703   0.11952807065608662
0.720227920360617   0.26185858648991867   0.6226407574483226   0.11961299046316476
0.6156690977268842   0.18249171315607438   0.6954600551886194   0.08648903017662546
0.959809693312579   0.30189386291310427   0.1732337469323495   0.05088856574400824
0.5348608123047   0.5179174072152459   0.41027019356537975   0.024530664828820825
0.5006552767227442   0.44632349454748577   0.0889439183830959   0.4381744550974631
0.6885346559013852   0.6242867255692036   0.33746025914957223   0.1752960556166283
0.9868135765628199   0.7189217562267279   0.6888572125013048   0.5154146728397034
0.8869715408710771   0.2423875351349346   0.59044765907436   0.18256391476466316
0.9491941316491024   0.3972599826193547   0.2344740337353407   0.02190564883133095
0.5837991659619695   0.5461497465527646   0.873064203126662   0.061710640681292506
0.876866242279137   0.8626458163463027   0.30281463311617574   0.27003289361396454
0.6500713876199493   0.28866731128159007   0.8405285820196322   0.02050699005815615
0.9738472316808934   0.5581010939550067   0.12715792037232565   0.5147967419385259
0.647186698742356   0.9091543001189554   0.08078741035041115   0.36266963038270306
0.9995192685476919   0.31418748760721593   0.12599737051150295   0.22938998278058131
0.7003553618755769   0.561907380778345   0.10002178292189234   0.16264486417665958
0.628178911686964   0.3160989503245595   0.1998573288068839   0.03192042802837902
0.9958595877797817   0.6751254795392344   0.4816832495219211   0.562085577717289
0.6662569675983291   0.5933982699454828   0.5850040002537686   0.48419996985622915
0.8657934241859158   0.6121784463043469   0.16914652193702373   0.5760913893128625
0.84499107860109   0.8640356928435287   0.1476043974440634   0.649680500090764
0.8639603323188886   0.8320627176470649   0.5593604599603423   0.06137841088230456
0.605808907856316   0.5364691545915998   0.32480078386160505   0.3473590819994469
0.5453433167803555   0.7545033407724959   0.15563652789237115   0.20259952049021657
0.9374558977101263   0.878434977014629   0.3840745194355383   0.7023515905367509
0.7092816736408423   0.5034345956991727   0.205795442922188   0.1314217235658519
0.8276569326564258   0.9247294978884059   0.5264939156673555   0.7950070239285717
0.7727386925508953   0.687248320975993   0.11613126970848686   0.5414673050062527
0.6544058781029921   0.9136972215092319   0.4674538833399494   0.44538692456788886
0.7979293749191888   0.49841673905192285   0.7425396676217989   0.3059210993371624
0.6613795038139078   0.6830131690179237   0.25452180262847646   0.5931499812401202
0.997736858759678   0.7795710676624114   0.19115764815275205   0.0571895174332504
0.5257357060030666   0.478241130936532   0.2144422128817196   0.34570343925379243
0.887016246441514   0.44456284863834283   0.3842741424409132   0.2895372125884378
0.5955560747817492   0.786523559664671   0.022363864541666834   0.43390628751219884
0.785125959275973   0.5634850019357066   0.7209203549212903   0.1441756870708787
0.9725139927223754   0.4366871327935773   0.28650838823658853   0.17429915033218013
0.6803856949993343   0.07321331101966555   0.22511888800514446   0.061273698128027854
0.5928733685561968   0.7272391214397979   0.6698499716781833   0.491683172255325
0.7165016761468369   0.7868941209951411   0.10085656279572486   0.3013953590806726
0.7848019204900415   0.7642764236507652   0.3411728011864117   0.2821585287805932
0.8876167325923642   0.14575355967501447   0.5862430379909568   0.025886083615035527
0.9547624993205369   0.2919871711419467   0.5161361736533584   0.04161683029381835
0.6873757037050541   0.34655465977262256   0.1208646261944607   0.07051466358987413
0.8536029948984263   0.7679938515050242   0.37412094690793163   0.4785586011259493
0.5828259871790815   0.6061119415973578   0.28179229121565885   0.30313357028606647
0.6895769882404984   0.3159331978464144   0.39674233850810237   0.1800787081279832
0.9981291577063939   0.9476428328793836   0.18538407624172581   0.634849444748164
0.7664888855613432   0.7272217336642657   0.6328893072401638   0.08963767727554006
0.9048198849095725   0.7887808996180582   0.3293242468679308   0.5477060429082304
0.7280638583228201   0.7555813117419546   0.4285161029774911   0.0984374482003082
0.5677432475274595   0.6991844080999132   0.05923704609965286   0.07349531532088027
0.8227432015012838   0.8286104387896869   0.5643937489675366   0.23372911844890387
0.8929401548159416   0.9886388423068807   0.26399088282160743   0.5551185614122777
0.5245789217787581   0.835578735155796   0.14945513855406167   0.17782604352071796
0.7469499986460794   0.6703672113168192   0.2529367233847377   0.4075547320568944
0.6640714443765328   0.6269921113373986   0.03939819719850335   0.44831114557523744
0.9222550584191089   0.6311501954475199   0.32965047022531846   0.5864288894937696
0.9538559884084399   0.5177236982525917   0.42611568741836636   0.47893175209490246
0.5506789832978386   0.40984693262669436   0.17487830421827244   0.1792561697348234
0.6636668617574801   0.8522611779898991   0.0201950394600251   0.1882890934763447
0.9048198849095725   0.7555813117419546   0.0011293856497545107   0.0984374482003082
0.7873375195141961   0.6991844080999132   0.05923704609965286   0.07349531532088027
0.5677432475274595   0.8286104387896869   0.5643937489675366   0.6660310288640798
0.8227432015012838   0.9886388423068807   0.26399088282160743   0.9029270610104472
0.8929401548159416   0.835578735155796   0.14945513855406167   0.11470059303720781
0.9393147458782513   0.6311501954475199   0.32965047022531846   0.5864288894937696
0.6836889603450196   0.40984693262669436   0.17487830421827244   0.1792561697348234
0.5506789832978386   0.8522611779898991   0.0201950394600251   0.8514710128924131
0.6636668617574801   0.6453815217719691   0.5034109860051862   0.6078002239731802
0.6831711498087848   0.8905819444226432   0.0942246172076594   0.6374228328308634
0.5720559280867804   0.19564993598844682   0.8792869246484107   0.1919957799957278
0.6008562800176691   0.8626458163463027   0.30281463311617574   0.27003289361396454
0.647186698742356   0.9091543001189554   0.08078741035041115   0.08232948860788913
0.5731940610325719   0.6293872634472506   0.7302203465470204   0.2810150633235602
0.7312353951799541   0.5095232055510639   0.6293978132128447   0.505074072855358
0.8534842814979161   0.687556867982272   0.27839300253813626   0.28819090634533195
0.9958595877797817   0.6751254795392344   0.4816832495219211   0.15682516583933503
0.6662569675983291   0.9458031701373758   0.11251336715873483   0.48419996985622915
0.5253531247587896   0.7523815714170234   0.07046008480977972   0.28136217611029213
0.8639603323188886   0.8320627176470649   0.014673801969060873   0.06137841088230456
0.8032481649706369   0.9479115427465257   0.2148454504738564   0.7621419193339778
0.5453433167803555   0.9003971194548559   0.15563652789237115   0.20259952049021657
0.9374558977101263   0.8218345902471567   0.3840745194355383   0.09789876637194939
0.8276569326564258   0.9247294978884059   0.5264939156673555   0.32692052473571753
0.7727386925508953   0.687248320975993   0.11613126970848686   0.6581308340081178
0.6544058781029921   0.9136972215092319   0.49631693139768807   0.40630572405816934
0.8450289708937817   0.8604841635727313   0.2445915178569832   0.4594430073263789
0.6289404247629802   0.6109360588924901   0.4251009262365858   0.24622486375303232
0.5680348416328181   0.7329589113498024   0.12186629113513592   0.33832841227971067
0.5549820253641297   0.6830131690179237   0.5586089397239229   0.5931499812401202
0.6292444030412617   0.478241130936532   0.05472001589996389   0.34570343925379243
0.5539908595094005   0.7760025009654604   0.3842741424409132   0.2895372125884378
0.8896469704113726   0.7540065227170956   0.640981023809463   0.20543413562682888
0.8547166977323979   0.4366871327935773   0.735225469907889   0.17429915033218013
0.8427050786631769   0.8208049907868938   0.3017566661503648   0.07245041543251696
0.7283067966348643   0.07321331101966555   0.2869901539985066   0.061273698128027854
0.772764903060367   0.8033210705799142   0.23569805605356875   0.12333686386826703
0.8876167325923642   0.5500267049788569   0.5862430379909568   0.25054890144168496
0.8444194457616411   0.7850749589840634   0.37456951541287375   0.21165570917406418
0.8817532004880982   0.5604262053931995   0.0728950242597528   0.5047681105439077
0.6873757037050541   0.3510414903951238   0.1208646261944607   0.07051466358987413
0.6400877991819753   0.8994499757601426   0.12092448176855897   0.8733517581396092
0.6687617665369585   0.22653188838723182   0.7908143887977441   0.04086307442752701
0.9372907710426762   0.8182800291674299   0.21473476130593794   0.12197230945546889
0.6955121130173317   0.47734640068913403   0.06351945736919229   0.3050167592585611
0.6053169498564479   0.9453490396117468   0.27545233375417255   0.5599899817671421
0.7154523503649345   0.9349275349361974   0.5295033968608206   0.6056788611447663
0.6075363521699637   0.4025054013873861   0.1681590441808004   0.07033142152671557
0.7658755544277549   0.8494289294738535   0.5859309921744458   0.5321489724682048
0.9712951712994502   0.8572864568519762   0.314270237786176   0.8284013391176123
0.7261965271488963   0.15521125821241044   0.61886194345756   0.1458815908655785
0.6955121130173317   0.9453490396117468   0.27545233375417255   0.5456157621698684
0.6053169498564479   0.9349275349361974   0.5295033968608206   0.7488508089320405
0.6075363521699637   0.8494289294738535   0.5859309921744458   0.29375186338641657
0.7366520256684838   0.36654727235813567   0.2999878180546377   0.31102722256939563
0.8274488496350629   0.48078617662582546   0.8312859106966624   0.3816947879541823
0.9126249090719301   0.6961185854662529   0.5995252385224826   0.34546141940396535
0.9075426224354385   0.10041489404328241   0.8405285820196322   0.02050699005815615
0.647186698742356   0.9091543001189554   0.08078741035041115   0.8348450721934457
0.7312353951799541   0.5095232055510639   0.15976569822331355   0.505074072855358
0.9064876705897261   0.7815781201559869   0.425149210126347   0.5955456311668572
0.9958595877797817   0.6751254795392344   0.5786073476719186   0.27561247100173003
0.5097294077780805   0.15448292898017335   0.11598503585940156   0.012706461528760316
0.5326105142280771   0.4278199702916806   0.9027592293685193   0.17521951637049182
0.817069774822486   0.5278193243007969   0.12222942008151216   0.5105051591424273
0.8655164698270116   0.4350336568091403   0.6377382053697046   0.41231490457708986
0.8639603323188886   0.7252000817076728   0.21041276113848206   0.06137841088230456
0.7331336916916534   0.9479115427465257   0.2148454504738564   0.30878030642690657
0.5453433167803555   0.45235964459151645   0.43703279819166974   0.20259952049021657
0.9374558977101263   0.8218345902471567   0.3840745194355383   0.1822785931355403
0.8130218092212731   0.8918591860388305   0.15111417360338109   0.8552529096695264
0.8276569326564258   0.9247294978884059   0.5264939156673555   0.18021670183141714
0.7979293749191888   0.9043875951526128   0.4077106873019509   0.3059210993371624
0.7590010793101823   0.6830131690179237   0.25452180262847646   0.5931499812401202
0.5529490317320279   0.44456284863834283   0.3842741424409132   0.2895372125884378
0.8547166977323979   0.4366871327935773   0.3035287333479846   0.17429915033218013
0.6774741979480348   0.8208049907868938   0.3017566661503648   0.781802551141519
0.8444194457616411   0.8629650757638136   0.37456951541287375   0.5408211125523689
0.5163224415636175   0.8994499757601426   0.12092448176855897   0.6795344850459734
0.5377797529218663   0.9220245540487333   0.10941866207531137   0.70279103239425
0.7577726241096324   0.8875379576763797   0.5539069834769893   0.7528786812161281
0.5742845619272572   0.8343312583911228   0.5860679043952783   0.3720684454283212
0.7993173307287676   0.9674728865456996   0.4204379902546269   0.5188706060979881
0.9669771167368376   0.46190114326652476   0.35247383586262404   0.09304886494314912
0.8627836486721076   0.6523173144259321   0.038180049564485063   0.18084978448749545
0.5294436058685941   0.9674728865456996   0.4204379902546269   0.5188706060979881
0.7993173307287676   0.46190114326652476   0.35247383586262404   0.03240771384340779
0.8274488496350629   0.48078617662582546   0.8312859106966624   0.2581555862808823
0.709605971816781   0.8905819444226432   0.0942246172076594   0.878809275455264
0.9642202576404202   0.5461497465527646   0.5032980134056594   0.061710640681292506
0.5739215438339429   0.19564993598844682   0.8792869246484107   0.1919957799957278
0.647186698742356   0.9091543001189554   0.3122361219323203   0.3683856897694905
0.5143031793506085   0.5877968022695168   0.7302203465470204   0.2810150633235602
0.8890005853993775   0.561907380778345   0.6946093109227389   0.16264486417665958
0.8534842814979161   0.687556867982272   0.37557847712393233   0.28819090634533195
0.8655164698270116   0.9524680611949289   0.5089683618880676   0.41231490457708986
0.8639603323188886   0.8320627176470649   0.21041276113848206   0.6309749829993538
0.605808907856316   0.9428414567687551   0.32480078386160505   0.45961034699233194
0.6913926625770661   0.9976651062498041   0.10502933682317839   0.20172787562106897
0.7092816736408423   0.5034345956991727   0.205795442922188   0.16907952562766904
0.7727386925508953   0.687248320975993   0.11613126970848686   0.024568787722319407
0.6544058781029921   0.9136972215092319   0.4674538833399494   0.8248147234681769
0.8541870367719953   0.8604841635727313   0.4044110457907881   0.4594430073263789
0.6292444030412617   0.7517496690700481   0.2144422128817196   0.34570343925379243
0.5539908595094005   0.44456284863834283   0.5396936625522736   0.2895372125884378
0.8547166977323979   0.4366871327935773   0.9730324437923322   0.17429915033218013
0.8427050786631769   0.8208049907868938   0.3017566661503648   0.20605871098399708
0.9488253975298466   0.07321331101966555   0.2869901539985066   0.061273698128027854
0.964000892357292   0.9584496096880564   0.22201784084502585   0.6529773531091593
0.6687617665369585   0.9220245540487333   0.10941866207531137   0.6109813177165211
0.982797466193939   0.9664936541174821   0.15903901563099243   0.49514704971936907
0.7341252093168172   0.9822400187825642   0.30691770408320806   0.7184397897892644
0.9701618962950362   0.3801353868228101   0.46024746737997435   0.18149115771751512
0.8176329162195912   0.13150386102369738   0.038890255420861664   0.11710730916504919
0.5490526585707152   0.602237833034637   0.4661062156371314   0.2820370760952059
0.6439220413254658   0.6718334518636505   0.602309742819084   0.09662692431295294
0.7341252093168172   0.3801353868228101   0.9011725235300063   0.18149115771751512
0.8176329162195912   0.602237833034637   0.4661062156371314   0.5147136150922668
0.7366520256684838   0.36654727235813567   0.2999878180546377   0.2769843487071668
0.9967554705415809   0.6485490359266958   0.33179473357100564   0.09538936294242883
0.709605971816781   0.8905819444226432   0.33519560853756125   0.6374228328308634
0.6007618151475163   0.8139233807550668   0.383743190915401   0.8027090496158706
0.5172636332432842   0.5461497465527646   0.5032980134056594   0.061710640681292506
0.9126249090719301   0.13693772777122404   0.5995252385224826   0.09488479370307767
0.8405982900458481   0.9091543001189554   0.08078741035041115   0.3683856897694905
0.9995192685476919   0.8507042554856102   0.12599737051150295   0.22938998278058131
0.5143031793506085   0.6293872634472506   0.602230189950911   0.2810150633235602
0.7003553618755769   0.561907380778345   0.34389500440774157   0.16264486417665958
0.7498432890692421   0.7289131080858293   0.6048944699156121   0.6490600212440746
0.891225928690278   0.7147578605920566   0.5381275411244805   0.4344961826752458
0.9958595877797817   0.6751254795392344   0.2779053249558211   0.27561247100173003
0.8657934241859158   0.6121784463043469   0.4823050000358359   0.5760913893128625
0.5253531247587896   0.7523815714170234   0.07046008480977972   0.4896238079318468
0.7331336916916534   0.8998982355689399   0.2148454504738564   0.7621419193339778
0.5453433167803555   0.45235964459151645   0.2005672254448616   0.20259952049021657
0.5581694132256328   0.8218345902471567   0.3840745194355383   0.7023515905367509
0.9842514264190443   0.5303653778891422   0.27171247682732647   0.4133088284974419
0.7727386925508953   0.687248320975993   0.05515879445544358   0.08689845564669763
0.6544058781029921   0.9136972215092319   0.5462595574180379   0.40630572405816934
0.8541870367719953   0.8604841635727313   0.2445915178569832   0.19344151999396342
0.6289404247629802   0.8601957501714608   0.4251009262365858   0.24622486375303232
0.6749008285240082   0.32684071792456126   0.3516834691065658   0.29556448433307014
0.9666762554707483   0.9071728843940318   0.37681671835707065   0.3945993639085458
0.6292444030412617   0.478241130936532   0.2544004663588988   0.34570343925379243
0.5539908595094005   0.44456284863834283   0.285950055145622   0.2895372125884378
0.5955560747817492   0.8046500472676958   0.022363864541666834   0.43390628751219884
0.8013913806896814   0.6533173283001424   0.707122099823944   0.5916440493511531
0.6803856949993343   0.07321331101966555   0.19323953602041943   0.061273698128027854
0.7487918480940401   0.7272391214397979   0.15749553589964282   0.491683172255325
0.8876167325923642   0.640656676010489   0.5862430379909568   0.025886083615035527
0.9613981143831786   0.773018835098264   0.39325241036143266   0.16535929480326128
0.5948590485356839   0.7850749589840634   0.37456951541287375   0.5408211125523689
0.5163224415636175   0.4433444608159497   0.7908143887977441   0.04086307442752701
0.7400275382973837   0.8562486040636647   0.39761134800584963   0.7389638906759161
0.8490381641704827   0.9809795670646869   0.19337484030863394   0.10992696109632139
0.6750735926451252   0.7868088233917904   0.3201473633988884   0.4245406298201093
0.8339745283610879   0.6512954435732821   0.5553525596338902   0.5659077741434788
0.5144403118376227   0.7747572871601106   0.3695275800872543   0.7084072419853037
0.5568196289671181   0.9179420871512671   0.2298118811568397   0.17910884654268489
0.979211833000114   0.6838309508337147   0.6686723668541741   0.405752375927514
0.6968816372090136   0.47739835361025573   0.6667996551583123   0.4661990844438215
0.8992597252872242   0.9809795670646869   0.19337484030863394   0.10992696109632139
0.8490381641704827   0.7868088233917904   0.3642295815802178   0.4245406298201093
0.598745852804104   0.6512954435732821   0.5553525596338902   0.5659077741434788
0.5144403118376227   0.9179420871512671   0.2298118811568397   0.8106922148152778
0.5568196289671181   0.6838309508337147   0.6686723668541741   0.4022251251420601
0.979211833000114   0.47739835361025573   0.6667996551583123   0.21165838093260325
0.6968816372090136   0.5561351598059324   0.19387237606327534   0.26518450368483415
0.7379636428351223   0.8158287529294368   0.12292883034214452   0.6076363150388675
0.967587683922143   0.4513833341390755   0.5400465231046054   0.26741220920752473
0.8029408067236574   0.5183692572531646   0.4388517287611656   0.046561233258397894
0.6030376617221758   0.38972713952890037   0.4648243380004351   0.22000612767478056
0.5837991659619695   0.14645908969028332   0.5032980134056594   0.061710640681292506
0.9620232867283813   0.43162821800924644   0.9592918472083772   0.043694027504028066
0.9995192685476919   0.8885778992533204   0.12599737051150295   0.22938998278058131
0.5143031793506085   0.6293872634472506   0.4494725098453626   0.2810150633235602
0.8816682971743584   0.5095232055510639   0.8168385540092159   0.505074072855358
0.9958595877797817   0.8871977604792499   0.4816832495219211   0.27561247100173003
0.5326105142280771   0.4278199702916806   0.9027592293685193   0.2990022466564384
0.8657934241859158   0.6121784463043469   0.5066985831408374   0.5760913893128625
0.5253531247587896   0.7523815714170234   0.07046008480977972   0.6453233874498591
0.8367878823678675   0.2901705354807752   0.5060387754041165   0.2683082082725067
0.8655164698270116   0.4230296168603035   0.6377382053697046   0.41231490457708986
0.8639603323188886   0.10187496021179687   0.21041276113848206   0.06137841088230456
0.9587106027906487   0.941187181665402   0.22311930189677853   0.8875593714934764
0.605808907856316   0.5364691545915998   0.9156526614573806   0.45961034699233194
0.8276569326564258   0.9247294978884059   0.5406748219416824   0.8110290922516514
0.7727386925508953   0.687248320975993   0.11613126970848686   0.5624821180712534
0.6937252752455444   0.8604841635727313   0.2445915178569832   0.4594430073263789
0.6508400538952387   0.49841673905192285   0.4077106873019509   0.3059210993371624
0.8922616705250241   0.8232813808059557   0.11107496550553597   0.2808233453029667
0.688828925235405   0.478241130936532   0.2144422128817196   0.34570343925379243
0.5539908595094005   0.7588043784223184   0.3842741424409132   0.2895372125884378
0.8427050786631769   0.8208049907868938   0.3017566661503648   0.04790895571217668
0.6803856949993343   0.07321331101966555   0.14986772275086757   0.061273698128027854
0.9956417927882698   0.7272391214397979   0.6698499716781833   0.491683172255325
0.9613981143831786   0.773018835098264   0.39325241036143266   0.5569897515109142
0.6439258299072826   0.8063580697201089   0.04885918995644778   0.17627701395746476
0.659606670237161   0.6514364612858957   0.07933494091813698   0.25636554432414727
0.6032228570712714   0.44366879734834375   0.3304232041617816   0.032194148457791005
0.7832512074073192   0.8425428692879299   0.2858958391083194   0.19137041208447736
0.8989651855632663   0.3950336605857572   0.4955343664563546   0.3596581470000114
0.7600270226689233   0.39241214080346265   0.34699160225060177   0.06920392969067224
0.659606670237161   0.44366879734834375   0.33651451154233814   0.032194148457791005
0.7832512074073192   0.3950336605857572   0.4955343664563546   0.39114302986411764
0.7600270226689233   0.8853206380038473   0.5492884015554692   0.44847927718454417
0.6107914409252647   0.8909647199603654   0.03204312895603101   0.7533029160354775
0.967587683922143   0.4513833341390755   0.5400465231046054   0.336323656505191
0.5596601650201867   0.34145941495327636   0.4895613294265898   0.14804843308956595
0.8066865410657983   0.707538059467099   0.1960657115179637   0.4173685553550983
0.806241061609643   0.8905819444226432   0.0942246172076594   0.6374228328308634
0.5134467312852311   0.51999274163425   0.09132385817715549   0.24750036126817265
0.5837991659619695   0.5461497465527646   0.5032980134056594   0.13932496348240253
0.9126249090719301   0.6079459166469817   0.5995252385224826   0.09488479370307767
0.9075426224354385   0.28866731128159007   0.2607500942195087   0.02050699005815615
0.5380000044585808   0.4572490922212048   0.2787267959105575   0.24457421779732202
0.8461687884521988   0.7998338959322238   0.6065311705685398   0.5602342232312596
0.647186698742356   0.9091543001189554   0.4418069715466074   0.3683856897694905
0.7003553618755769   0.561907380778345   0.6946093109227389   0.4022237910001828
0.7312353951799541   0.5095232055510639   0.8168385540092159   0.2600212280915205
0.9546950715577353   0.3901444987395115   0.8439710725702739   0.01262233179693506
0.891225928690278   0.7583855303249076   0.5381275411244805   0.4344961826752458
0.817069774822486   0.5278193243007969   0.8297333079580547   0.5105051591424273
0.8655164698270116   0.7694875000594775   0.6377382053697046   0.41231490457708986
0.8639603323188886   0.8320627176470649   0.21041276113848206   0.026668432926252317
0.605808907856316   0.5364691545915998   0.32480078386160505   0.2477868917726217
0.934684053121597   0.9479115427465257   0.2148454504738564   0.7621419193339778
0.5453433167803555   0.951623854879533   0.15563652789237115   0.20259952049021657
0.9374558977101263   0.8218345902471567   0.3840745194355383   0.7275821442613963
0.9842514264190443   0.5303653778891422   0.27171247682732647   0.266449900700682
0.7092816736408423   0.5034345956991727   0.2077520369662227   0.4003340352519489
0.6544058781029921   0.4598786687186076   0.4674538833399494   0.40630572405816934
0.9208807363529089   0.49841673905192285   0.4077106873019509   0.3059210993371624
0.8389872131118354   0.5265374686252878   0.4684212281261517   0.4055340501288277
0.5099774051199084   0.7462754699396377   0.1436566710368874   0.11469119881000445
0.997736858759678   0.7795710676624114   0.23255572704481398   0.0571895174332504
0.5539908595094005   0.44456284863834283   0.8772335781691205   0.2895372125884378
0.8547166977323979   0.4366871327935773   0.9689912574054877   0.17429915033218013
0.8013913806896814   0.6533173283001424   0.707122099823944   0.6063760323404151
0.8519851863974274   0.07321331101966555   0.2869901539985066   0.061273698128027854
0.7848019204900415   0.9316620837612486   0.3411728011864117   0.8023271307364601
0.8876167325923642   0.5500267049788569   0.5862430379909568   0.3304437867351153
0.5960101919627228   0.8063580697201089   0.04885918995644778   0.7208655337035046
0.625727920735718   0.3993211250178228   0.4223000312439409   0.2457801135272334
0.5209320429458112   0.5565141924853825   0.05907435195933153   0.2475243322910773
0.5466885777297502   0.6883508236485273   0.09268163965802134   0.5305682859846441
0.7946915341696379   0.8063804959047962   0.16771552028391978   0.6064758533543596
0.7489370400964956   0.9474112924206358   0.12120035080640013   0.7394978932855614
0.900835101211999   0.978552925666704   0.18907362993859134   0.31719805890402986
0.5174081785475354   0.6094262988007162   0.30993313373466647   0.4152335301921216
0.5209320429458112   0.6883508236485273   0.30917686737523187   0.5305682859846441
0.7946915341696379   0.9474112924206358   0.12120035080640013   0.8461262505543865
0.7489370400964956   0.978552925666704   0.18907362993859134   0.9320183842252966
0.900835101211999   0.6094262988007162   0.30993313373466647   0.40969485316225107
0.6599443719468576   0.5369501080748159   0.3045604104975772   0.42890240627333653
0.7379636428351223   0.8158287529294368   0.2998393342558834   0.6284249030930097
0.7606063342218837   0.6453815217719691   0.5034109860051862   0.5813821246033422
0.6694216159781592   0.8905819444226432   0.0942246172076594   0.6374228328308634
0.5134467312852311   0.7424539110275293   0.09132385817715549   0.24750036126817265
0.5837991659619695   0.7473859634723099   0.5032980134056594   0.061710640681292506
0.8213535566517276   0.6961185854662529   0.5995252385224826   0.09488479370307767
0.9075426224354385   0.28866731128159007   0.5920162600110074   0.02050699005815615
0.8461687884521988   0.7998338959322238   0.010679725256070194   0.5602342232312596
0.647186698742356   0.9091543001189554   0.08078741035041115   0.8549936025407238
0.7003553618755769   0.561907380778345   0.6946093109227389   0.11818471323138158
0.7312353951799541   0.5095232055510639   0.49369781611827546   0.505074072855358
0.628178911686964   0.3160989503245595   0.1998573288068839   0.05826758542835342
0.9546950715577353   0.3901444987395115   0.8439710725702739   0.15478790030232914
0.891225928690278   0.2580662415815521   0.5381275411244805   0.16756521401314395
0.6544685430177182   0.6751254795392344   0.4816832495219211   0.27561247100173003
0.6381462584632205   0.37606564685046884   0.1471457713665748   0.1750184770143638
0.8655164698270116   0.9524680611949289   0.19803439438216808   0.41231490457708986
0.605808907856316   0.9019745633427027   0.32480078386160505   0.45961034699233194
0.7481332783274413   0.9479115427465257   0.2148454504738564   0.7621419193339778
0.5453433167803555   0.45235964459151645   0.7990904561383236   0.20259952049021657
0.9374558977101263   0.8218345902471567   0.4811121259869242   0.7023515905367509
0.7092816736408423   0.5034345956991727   0.205795442922188   0.13840933132037847
0.7727386925508953   0.687248320975993   0.13069067210090335   0.08689845564669763
0.8362374520081539   0.9136972215092319   0.4674538833399494   0.40630572405816934
0.8541870367719953   0.8604841635727313   0.2445915178569832   0.7019406186274476
0.7979293749191888   0.49841673905192285   0.5000085196655196   0.3059210993371624
0.5549820253641297   0.6830131690179237   0.36461202804418924   0.5931499812401202
0.6749008285240082   0.7638138107805136   0.3516834691065658   0.5027642805227986
0.997736858759678   0.3212837386547065   0.8172240449923953   0.0571895174332504
0.6292444030412617   0.478241130936532   0.06394387077740449   0.34570343925379243
0.9240147248224188   0.8981174873601636   0.022363864541666834   0.43390628751219884
0.8547166977323979   0.4366871327935773   0.37196539641237014   0.17429915033218013
0.8427050786631769   0.8208049907868938   0.3017566661503648   0.061937399623891665
0.6803856949993343   0.7542902710580623   0.2869901539985066   0.061273698128027854
0.8441966331952604   0.8033210705799142   0.23569805605356875   0.12333686386826703
0.7487918480940401   0.6195307027588192   0.6698499716781833   0.491683172255325
0.5256746841459992   0.7804120706922669   0.5528875227755154   0.7003711183236693
0.931072236789526   0.35775938584635714   0.9236329429858725   0.2927594915238272
0.9447858277372587   0.273955432456075   0.751999930111944   0.046820384741995014
0.6159214560559579   0.6357192601027084   0.2906071501159787   0.26218899621689584
0.7381503153092107   0.5517609137602534   0.5749795397716501   0.2426113330232783
0.9041821603154887   0.427521842204312   0.013728120285061873   0.3489929061654544
0.8353217244590956   0.7682058530999638   0.07866855393615613   0.43257293362684335
0.9366758517417825   0.5593587407551507   0.18171178467118765   0.37318224722198123
0.931072236789526   0.273955432456075   0.19432510745915543   0.046820384741995014
0.6159214560559579   0.5517609137602534   0.5749795397716501   0.012972279981087853
0.7381503153092107   0.427521842204312   0.013728120285061873   0.1948564721455679
0.9041821603154887   0.7682058530999638   0.07866855393615613   0.13272032296427683
0.8353217244590956   0.5593587407551507   0.18171178467118765   0.3906982455486352
0.9684768193992739   0.8853206380038473   0.5492884015554692   0.32310984108109175
0.6107914409252647   0.8754838712833969   0.03204312895603101   0.7533029160354775
0.9928369841891179   0.8158287529294368   0.12292883034214452   0.6284249030930097
0.833281190847775   0.34145941495327636   0.4895613294265898   0.14804843308956595
0.7606063342218837   0.6453815217719691   0.5034109860051862   0.01045945866810305
0.8133056257075532   0.19564993598844682   0.8792869246484107   0.1919957799957278
0.9126249090719301   0.6961185854662529   0.43509016878434736   0.09488479370307767
0.9738472316808934   0.5581010939550067   0.12715792037232565   0.3267290949906969
0.647186698742356   0.6178879032847588   0.08078741035041115   0.3683856897694905
0.9620232867283813   0.43162821800924644   0.9592918472083772   0.13217724633786032
0.9995192685476919   0.9676525056017425   0.12599737051150295   0.22938998278058131
0.7746287247318463   0.561907380778345   0.6946093109227389   0.16264486417665958
0.5063308855696007   0.5095232055510639   0.8168385540092159   0.505074072855358
0.8534842814979161   0.687556867982272   0.5430529193204777   0.28819090634533195
0.628178911686964   0.3160989503245595   0.1998573288068839   0.03165237909268204
0.891225928690278   0.669621148996872   0.5381275411244805   0.4344961826752458
0.9958595877797817   0.4913770139963175   0.4816832495219211   0.27561247100173003
0.6381462584632205   0.7332271181076394   0.1471457713665748   0.1750184770143638
0.817069774822486   0.5278193243007969   0.41399816203673645   0.5105051591424273
0.5253531247587896   0.7523815714170234   0.07046008480977972   0.26972153354853867
0.8639603323188886   0.8320627176470649   0.21041276113848206   0.33054820957433184
0.605808907856316   0.5364691545915998   0.019854111130552132   0.45961034699233194
0.7331336916916534   0.9479115427465257   0.2148454504738564   0.9108528206511398
0.5453433167803555   0.45235964459151645   0.6768666816032697   0.20259952049021657
0.9374558977101263   0.8218345902471567   0.27820055104671604   0.7023515905367509
0.990941182477677   0.4795634576867487   0.5498189588130832   0.0023512005525148094
0.9490585143068155   0.7521259372543896   0.4191876962302977   0.18046769716109212
0.9443111440791777   0.9136972215092319   0.4674538833399494   0.40630572405816934
0.8541870367719953   0.8604841635727313   0.09224394204928066   0.4594430073263789
0.7979293749191888   0.9398078509194796   0.4077106873019509   0.3059210993371624
0.5680348416328181   0.48482675475529435   0.12186629113513592   0.33832841227971067
0.5549820253641297   0.6830131690179237   0.31249759838123203   0.5931499812401202
0.8922616705250241   0.8232813808059557   0.5368810236237482   0.2808233453029667
0.5539908595094005   0.44456284863834283   0.3842741424409132   0.2857200250652431
0.5955560747817492   0.8981174873601636   0.022363864541666834   0.5318451368294641
0.6062886760203743   0.5283265711496135   0.16384884663303378   0.16400547577996671
0.8547166977323979   0.4366871327935773   0.28650838823658853   0.11203789929395458
0.8427050786631769   0.8208049907868938   0.3017566661503648   0.37184651670871194
0.8256894437062404   0.2240749176665604   0.768546121715486   0.12416925458052164
0.8960918628111803   0.7219241511832349   0.11662909324003512   0.3824779176363231
0.7078873982338472   0.737986600535513   0.13328848193194265   0.7359781795988611
0.6726700898595083   0.8299705807526152   0.5136400629409585   0.3221802385850757
0.8601541763060379   0.4064895883468337   0.09977582067941937   0.25499309523660385
0.5265051693224682   0.7135311442022032   0.5784294812337516   0.24195842751521157
0.5827382143294049   0.7683825501151297   0.5214701760025101   0.34814534607576464
0.8960918628111803   0.737986600535513   0.2413181189424649   0.7359781795988611
0.6726700898595083   0.4064895883468337   0.09977582067941937   0.3709771324254132
0.5265051693224682   0.7683825501151297   0.5214701760025101   0.017612341076719495
0.5745737213772626   0.5405508352024588   0.7216586309039782   0.43050742458458524
0.8108790313803614   0.4298666822553916   0.6330512832297782   0.0991415458758047
0.9503942229905797   0.3693021771895   0.8302957925723341   0.36789137192183563
0.7366520256684838   0.36654727235813567   0.2999878180546377   0.23975173117951243
0.709605971816781   0.8914947950349379   0.0942246172076594   0.6374228328308634
0.6007618151475163   0.8139233807550668   0.33749491729724723   0.8027090496158706
0.5638513369610448   0.8626458163463027   0.30281463311617574   0.27003289361396454
0.9126249090719301   0.5906223208917706   0.5995252385224826   0.09488479370307767
0.9075426224354385   0.28866731128159007   0.08366637945814859   0.02050699005815615
0.9738472316808934   0.5581010939550067   0.12715792037232565   0.05745227545422671
0.5713694736658905   0.561907380778345   0.6946093109227389   0.16264486417665958
0.7312353951799541   0.5095232055510639   0.8168385540092159   0.4295048486332548
0.9064876705897261   0.8554339664154589   0.425149210126347   0.5955456311668572
0.891225928690278   0.7544567426511659   0.5381275411244805   0.4344961826752458
0.7683713389762212   0.6751254795392344   0.4816832495219211   0.27561247100173003
0.5097294077780805   0.8510742216194284   0.11598503585940156   0.4555650421886418
0.8657934241859158   0.6121784463043469   0.6164858391032155   0.5760913893128625
0.7408455566543014   0.7523815714170234   0.07046008480977972   0.6736744406021027
0.8367878823678675   0.5786657803108329   0.5060387754041165   0.2683082082725067
0.5941317215972288   0.16746479535477865   0.6827336617856443   0.12063931367293779
0.8639603323188886   0.8320627176470649   0.21041276113848206   0.37859529660652524
0.7331336916916534   0.9479115427465257   0.11633587939247325   0.7621419193339778
0.5453433167803555   0.45235964459151645   0.4552190488577206   0.20259952049021657
0.9273328484986214   0.8218345902471567   0.3840745194355383   0.7023515905367509
0.7092816736408423   0.5034345956991727   0.9673473682200628   0.4003340352519489
0.959556555185525   0.687248320975993   0.11613126970848686   0.08689845564669763
0.8541870367719953   0.4984847251960205   0.2445915178569832   0.4594430073263789
0.7979293749191888   0.49841673905192285   0.2986557003213788   0.3059210993371624
0.5549820253641297   0.6830131690179237   0.4648046422062201   0.5931499812401202
0.5955560747817492   0.8981174873601636   0.36178905272192374   0.43390628751219884
0.5079266827503994   0.7540065227170956   0.640981023809463   0.20543413562682888
0.949695940726314   0.870782694986018   0.5028172735816336   0.8091936700971867
0.8911498685111535   0.1436830205277968   0.30630564640355606   0.05006611126638394
0.5916137621562486   0.675277946508304   0.40756392077521375   0.3769955663823392
0.9096971845131857   0.39247628421234415   0.32112178292561266   0.07705999129366647
0.8253569772090987   0.3927412829897766   0.19888840845904376   0.20842048191185314
0.5028440104349178   0.7392779179485764   0.11781271324213616   0.6780532061751293
0.6301737595372463   0.7943503440423967   0.18208310044187248   0.23629234302774949
0.6192281578148747   0.6229965312217193   0.28587978009796033   0.20571710088667283
0.8382614836483744   0.5601320785228725   0.8368857404846393   0.017828386411215535
0.7679418391723223   0.6032710784217516   0.1319840739071272   0.5732252317605782
0.5931963316232498   0.30221131032227033   0.09443030011956821   0.13372547797465972
0.9010202396780357   0.1436830205277968   0.30630564640355606   0.05006611126638394
0.8911498685111535   0.675277946508304   0.2513244642825636   0.3769955663823392
0.7587764366078177   0.39247628421234415   0.32112178292561266   0.07705999129366647
0.9096971845131857   0.3927412829897766   0.19888840845904376   0.2739859852198818
0.8253569772090987   0.7392779179485764   0.11781271324213616   0.36153262046258816
0.5028440104349178   0.7943503440423967   0.18208310044187248   0.3113492246692532
0.6301737595372463   0.6229965312217193   0.28587978009796033   0.5757281886336882
0.6192281578148747   0.5344825857374061   0.8368857404846393   0.017828386411215535
0.7973808001959483   0.6032710784217516   0.1319840739071272   0.5732252317605782
0.7679418391723223   0.30221131032227033   0.09443030011956821   0.05143540701240201
0.5745737213772626   0.6062038242293784   0.7216586309039782   0.10714182134289574
0.9263737842126356   0.3693021771895   0.8302957925723341   0.36789137192183563
0.9684768193992739   0.8853206380038473   0.5492884015554692   0.05230084514758615
0.6107914409252647   0.47414958445456856   0.03204312895603101   0.20612954136853467
0.7379636428351223   0.8158287529294368   0.12292883034214452   0.04734151507553419
0.967587683922143   0.686890770521154   0.5400465231046054   0.3263617681801997
0.8274488496350629   0.48078617662582546   0.8312859106966624   0.19034763483279526
0.709605971816781   0.8929651016808146   0.0942246172076594   0.6374228328308634
0.6007618151475163   0.8139233807550668   0.0290617401102109   0.8027090496158706
0.9491941316491024   0.3972599826193547   0.2344740337353407   0.39080537795078585
0.5837991659619695   0.5461497465527646   0.7752659878746967   0.061710640681292506
0.9075426224354385   0.28866731128159007   0.8405285820196322   0.2721675184842417
0.647186698742356   0.7234436121837341   0.08078741035041115   0.3683856897694905
0.528290758048575   0.6293872634472506   0.7302203465470204   0.2810150633235602
0.7312353951799541   0.5095232055510639   0.8168385540092159   0.20179518150719955
0.8534842814979161   0.3941460196968648   0.8859701797069941   0.28819090634533195
0.891225928690278   0.2580662415815521   0.5381275411244805   0.1956023778790218
0.9958595877797817   0.6751254795392344   0.4882237016196247   0.27561247100173003
0.6662569675983291   0.5138181834018231   0.5850040002537686   0.48419996985622915
0.6381462584632205   0.2124789733575413   0.1471457713665748   0.1750184770143638
0.5253531247587896   0.7523815714170234   0.38606879550570605   0.6736744406021027
0.8639603323188886   0.8320627176470649   0.5693280642799566   0.06137841088230456
0.9587106027906487   0.941187181665402   0.33604141894961814   0.8875593714934764
0.605808907856316   0.5364691545915998   0.32480078386160505   0.3045607693833997
0.5453433167803555   0.42833382291699307   0.15563652789237115   0.20259952049021657
0.7181645108594151   0.8218345902471567   0.3840745194355383   0.7023515905367509
0.9435597971932986   0.4795634576867487   0.5498189588130832   0.0023512005525148094
0.7092816736408423   0.5034345956991727   0.794223896669033   0.4003340352519489
0.7727386925508953   0.687248320975993   0.6442134165130373   0.08689845564669763
0.6544058781029921   0.8871168729140692   0.4674538833399494   0.40630572405816934
0.7979293749191888   0.49841673905192285   0.43164983435517934   0.3059210993371624
0.9659851778485916   0.6830131690179237   0.25452180262847646   0.5931499812401202
0.6739956926097217   0.478241130936532   0.2144422128817196   0.34570343925379243
0.6621058454857577   0.44456284863834283   0.3842741424409132   0.2895372125884378
0.6757494077974198   0.5283265711496135   0.16384884663303378   0.16400547577996671
0.8547166977323979   0.4366871327935773   0.28650838823658853   0.018544204884093807
0.6683645367872673   0.870782694986018   0.5028172735816336   0.5421018635457575
0.8444256244237597   0.6754729815217733   0.42692043564438675   0.33791394443114475
0.7257428488966706   0.792862374125522   0.3106224601870019   0.030776066682450698
0.8573433800411007   0.5287902771599883   0.46138788868389113   0.46435942756099335
0.8312385718625792   0.39488139316870363   0.22871601066425207   0.18668582618964813
0.7399456180283092   0.38287259844072274   0.3056118798116686   0.12669697824260673
0.6985067381855922   0.39275320020856075   0.5537298178681851   0.09694732794878547
0.7268526409991745   0.7991562686993746   0.16335763962861127   0.41618921133665143
0.761539811267452   0.23660301834472264   0.419168567691211   0.20534352914344522
0.7772529642811116   0.8250390806463707   0.32687407525656353   0.7144376653951003
0.9589388352982617   0.11211938844711433   0.24466297737697307   0.050808815477205393
0.830478451970153   0.6313213910285052   0.18443065801618197   0.48298603658898254
0.94221822807094   0.8859868980810163   0.3324633928367997   0.7143141063754721
0.633249121768108   0.7803056061751663   0.584811901054823   0.1544166907213268
0.8595735498246233   0.6498290146756744   0.08015555085120019   0.023075735515285523
0.9199835541892878   0.9047942344599251   0.47433681658210713   0.791100960809203
0.8321646178358048   0.792862374125522   0.3106224601870019   0.030776066682450698
0.7257428488966706   0.5287902771599883   0.2742450980773459   0.46435942756099335
0.569627557090985   0.39488139316870363   0.22871601066425207   0.18668582618964813
0.8312385718625792   0.38287259844072274   0.3056118798116686   0.25594564277536835
0.6985067381855922   0.7991562686993746   0.16335763962861127   0.4518049559978252
0.9589388352982617   0.6313213910285052   0.18443065801618197   0.07924117107001394
0.6029602491185486   0.8859868980810163   0.3324633928367997   0.7143141063754721
0.94221822807094   0.7803056061751663   0.584811901054823   0.48380144508908474
0.633249121768108   0.6498290146756744   0.08015555085120019   0.33516688000307426
0.9199835541892878   0.06591382963068537   0.9011499458146919   0.02620669246535201
0.9194515741180095   0.7878314738546294   0.1122574819781188   0.19852602538386943
0.7278128050464291   0.4938310803942929   0.7202353553537955   0.2934529455578707
0.736180091437339   0.17945762973202617   0.7571053083639534   0.004410272406560667
0.5745737213772626   0.6062038242293784   0.7216586309039782   0.14984755044206
0.7849956823690888   0.3693021771895   0.8302957925723341   0.31794774328224007
0.7379636428351223   0.8158287529294368   0.12292883034214452   0.7498345249467364
0.967587683922143   0.8504962205901073   0.5400465231046054   0.3263617681801997
0.709605971816781   0.8905819444226432   0.0942246172076594   0.30008595843488217
0.9491941316491024   0.3972599826193547   0.2344740337353407   0.05703459608722872
0.6030376617221758   0.38972713952890037   0.4648243380004351   0.36518471007820075
0.5837991659619695   0.5461497465527646   0.7137045591554857   0.061710640681292506
0.7609357765994043   0.8626458163463027   0.30281463311617574   0.27003289361396454
0.9075426224354385   0.28866731128159007   0.46777440092681033   0.02050699005815615
0.5143031793506085   0.49001961884110634   0.7302203465470204   0.2810150633235602
0.7003553618755769   0.561907380778345   0.6946093109227389   0.4331480775304656
0.7312353951799541   0.5095232055510639   0.13943373775662193   0.505074072855358
0.9958595877797817   0.8578436628051822   0.4816832495219211   0.27561247100173003
0.6662569675983291   0.9458031701373758   0.41676259767772106   0.48419996985622915
0.8657934241859158   0.6121784463043469   0.2979016732390405   0.5760913893128625
0.5253531247587896   0.7523815714170234   0.07046008480977972   0.06292925289123408
0.8233327229610744   0.8640356928435287   0.1476043974440634   0.649680500090764
0.8367878823678675   0.9679443667669374   0.5060387754041165   0.2683082082725067
0.8639603323188886   0.8320627176470649   0.14326511837829825   0.06137841088230456
0.9781881988587057   0.5364691545915998   0.32480078386160505   0.45961034699233194
0.7331336916916534   0.9479115427465257   0.2148454504738564   0.8763703782043412
0.5453433167803555   0.45235964459151645   0.9064079477557786   0.20259952049021657
0.9374558977101263   0.9886067555644568   0.3840745194355383   0.7023515905367509
0.8276569326564258   0.9247294978884059   0.03622976087383578   0.8110290922516514
0.7727386925508953   0.687248320975993   0.000467591404131662   0.08689845564669763
0.6544058781029921   0.9136972215092319   0.4674538833399494   0.40564359575765263
0.7979293749191888   0.49841673905192285   0.774024403858924   0.3059210993371624
0.6289404247629802   0.9500851182639595   0.4251009262365858   0.24622486375303232
0.5099774051199084   0.7462754699396377   0.43646264264613455   0.11469119881000445
0.5549820253641297   0.595701954250217   0.25452180262847646   0.5931499812401202
0.6749008285240082   0.8299437130893232   0.3516834691065658   0.5027642805227986
0.9666762554707483   0.6003685959327446   0.37681671835707065   0.3945993639085458
0.5539908595094005   0.6708687612818399   0.3842741424409132   0.2895372125884378
0.7599567769497472   0.3627645320452657   0.04319813321251331   0.29725824034789927
0.5349317950817073   0.9521042286006253   0.04691744384588237   0.6380729563063268
0.6886943543243293   0.7728293916318156   0.18164962080493852   0.009043429973668693
0.7356171093017088   0.8785534436181229   0.04320163120925813   0.2609852691749299
0.9122697528040133   0.14022940829630592   0.9556573588868097   0.0628967512757933
0.67569369123325   0.6342477461894538   0.6762221826449207   0.2513405580738284
0.5548090329533454   0.4356082390591802   0.8397321083903765   0.235157988644065
0.9170284296739147   0.9337716908031447   0.22749645518558792   0.6508284329062974
0.9665108144559261   0.4941888117010641   0.00648524953478502   0.03470784090252288
0.5349317950817073   0.7728293916318156   0.547635694133897   0.009043429973668693
0.8236440111490527   0.8785534436181229   0.04320163120925813   0.2609852691749299
0.9122697528040133   0.6342477461894538   0.6762221826449207   0.33745147333505265
0.67569369123325   0.4356082390591802   0.8397321083903765   0.17164260930621278
0.5548090329533454   0.9337716908031447   0.22749645518558792   0.3520488447062351
0.9170284296739147   0.7130171577833174   0.00648524953478502   0.03470784090252288
0.5166482325046082   0.8959854760536158   0.5002164393408131   0.5130240880466964
0.745387055646831   0.4938310803942929   0.7202353553537955   0.2934529455578707
0.8224183755637257   0.245929549026895   0.7571053083639534   0.004410272406560667
0.6599443719468576   0.5369501080748159   0.3045604104975772   0.4254481427708009
0.5626363514929336   0.8158287529294368   0.12292883034214452   0.6284249030930097
0.967587683922143   0.4513833341390755   0.5400465231046054   0.115290687955934
0.7366520256684838   0.36654727235813567   0.2999878180546377   0.3154123067192104
0.8274488496350629   0.48078617662582546   0.8312859106966624   0.28089549558040017
0.709605971816781   0.8905819444226432   0.0942246172076594   0.5754323551298195
0.6007618151475163   0.8139233807550668   0.20009107737058363   0.8027090496158706
0.8578799096693195   0.6961185854662529   0.5995252385224826   0.09488479370307767
0.9098763251886081   0.28866731128159007   0.8405285820196322   0.02050699005815615
0.647186698742356   0.7290512304976622   0.08078741035041115   0.3683856897694905
0.5143031793506085   0.6293872634472506   0.15857881693727605   0.2810150633235602
0.7003553618755769   0.561907380778345   0.43573347313846733   0.16264486417665958
0.7312353951799541   0.5095232055510639   0.8168385540092159   0.1240374864340279
0.7498432890692421   0.7454785207507816   0.6048944699156121   0.6490600212440746
0.9958595877797817   0.6751254795392344   0.4816832495219211   0.657855806829903
0.5253531247587896   0.7803208028468526   0.07046008480977972   0.6736744406021027
0.8332828968049101   0.8640356928435287   0.1476043974440634   0.649680500090764
0.605808907856316   0.5364691545915998   0.32094563587035174   0.45961034699233194
0.7092816736408423   0.5034345956991727   0.298427921267295   0.4003340352519489
0.8276569326564258   0.9247294978884059   0.5264939156673555   0.4692883563603458
0.7272151557781561   0.687248320975993   0.11613126970848686   0.08689845564669763
0.6544058781029921   0.9136972215092319   0.4674538833399494   0.6818361102078608
0.7803259057825604   0.49841673905192285   0.4077106873019509   0.3059210993371624
0.8389872131118354   0.5265374686252878   0.4684212281261517   0.02029225756748243
0.9730315282677702   0.6830131690179237   0.25452180262847646   0.5931499812401202
0.8922616705250241   0.4294750392687171   0.7929876936481312   0.2808233453029667
0.6292444030412617   0.8651096303760191   0.2144422128817196   0.34570343925379243
0.8281468477542483   0.2737085044527461   0.039881127438913366   0.006838298683888411
0.6165982781309844   0.395969197884933   0.8713874987516701   0.3589724029036282
0.6521429345376357   0.5891620119884079   0.7493964140429958   0.5208445832554266
0.8424063538342275   0.9353813490028288   0.3153316812689959   0.577598985130392
0.6681634876368622   0.6098986711256675   0.7925270035694703   0.5268823694105865
0.6040169571034468   0.5345214608588081   0.3648165027770478   0.26917885926381047
0.613137029420524   0.9745497403522064   0.26426534449230243   0.9493749832939299
0.7144860136007755   0.7608186492688566   0.15637691616739302   0.0863408958785552
0.6069790266031044   0.25177461467541606   0.13629714496658674   0.1397048960410101
0.8728036482964304   0.7955678549615826   0.13421092653751687   0.5937844180601193
0.9789337533407172   0.395969197884933   0.8713874987516701   0.3589724029036282
0.6165982781309844   0.5891620119884079   0.05889257224628497   0.5208445832554266
0.8966977175781027   0.9353813490028288   0.3153316812689959   0.577598985130392
0.6681634876368622   0.5345214608588081   0.3648165027770478   0.05142311652043985
0.6040169571034468   0.9745497403522064   0.26426534449230243   0.4318471512069181
0.613137029420524   0.7608186492688566   0.15637691616739302   0.6145254235767831
0.7144860136007755   0.27701689588673706   0.13629714496658674   0.1397048960410101
0.8043618567571704   0.7955678549615826   0.13421092653751687   0.5937844180601193
0.6375879094642254   0.2635240213103205   0.40662422433638423   0.19906231297337762
0.8944573878511879   0.9454183694031066   0.35449692517272213   0.4800443685611776
0.8224183755637257   0.17945762973202617   0.7571053083639534   0.054473950841272045
0.5745737213772626   0.6062038242293784   0.24567789976233922   0.43050742458458524
0.680670580358814   0.6897882931105023   0.25595100655343617   0.25302682391721276
0.693630622165767   0.8975495041554752   0.10655766103553388   0.8682444467797691
0.7379636428351223   0.8158287529294368   0.16238806326029975   0.6284249030930097
0.9412169762548164   0.5183692572531646   0.4388517287611656   0.046561233258397894
0.9967554705415809   0.6485490359266958   0.33179473357100564   0.626153924379781
0.5837991659619695   0.5461497465527646   0.5032980134056594   0.03302578617025398
0.7637359596329267   0.19564993598844682   0.8792869246484107   0.1919957799957278
0.7371368044815807   0.9780869363389425   0.4235060260848257   0.975845940315331
0.5427451780504208   0.6523486979409355   0.2343013642851336   0.27236306231890384
0.5143031793506085   0.6293872634472506   0.7302203465470204   0.5919180207661165
0.817069774822486   0.5278193243007969   0.46348248141202364   0.5105051591424273
0.9895871570122329   0.7523815714170234   0.07046008480977972   0.6736744406021027
0.8655164698270116   0.9524680611949289   0.19511639626293042   0.41231490457708986
0.8639603323188886   0.2521167411073626   0.21041276113848206   0.06137841088230456
0.7331336916916534   0.9479115427465257   0.32725365818337715   0.7621419193339778
0.5453433167803555   0.8595502648030654   0.15563652789237115   0.20259952049021657
0.9374558977101263   0.8218345902471567   0.15125027906168786   0.7023515905367509
0.7727386925508953   0.687248320975993   0.11613126970848686   0.6735376088942322
0.6544058781029921   0.9136972215092319   0.0944467892777705   0.40630572405816934
0.8389872131118354   0.5265374686252878   0.4684212281261517   0.3230487216592143
0.5680348416328181   0.8014130296297372   0.12186629113513592   0.33832841227971067
0.6749008285240082   0.8331966674995442   0.3516834691065658   0.5027642805227986
0.904140952876662   0.8709246843747779   0.2766461997542081   0.7686363722970364
0.7401189732183331   0.8903214729254821   0.3448161095479543   0.6337133829853305
0.6215309127557164   0.4625626540542438   0.8267302077342512   0.056167081609317826
0.7368834498326081   0.5282665019493882   0.19178000781828897   0.4584575189867365
0.7340834811784633   0.9431607690043674   0.0212637646082241   0.28305449847276787
0.7683709503781898   0.36991306784240896   0.7040985548917201   0.3064335259240144
0.7401189732183331   0.4625626540542438   0.5559313936240642   0.056167081609317826
0.5285358243070666   0.5282665019493882   0.19178000781828897   0.4584575189867365
0.7368834498326081   0.9431607690043674   0.0212637646082241   0.9044785490207956
0.7683709503781898   0.3509975762884947   0.8593676788531318   0.04930059469947912
0.5399055068200477   0.45245728671301244   0.21627965761494417   0.2959417818540906
0.9000681567973152   0.318584712197321   0.33902895700044955   0.031885654399251284
0.5263877764625298   0.2858918380205048   0.727601802392246   0.1254207024230093
0.744464161639292   0.7506983670432437   0.5888669287901573   0.6998443772198253
0.6656347097749381   0.8959854760536158   0.5002164393408131   0.1517546292031009
0.8326690704900168   0.7768284344730289   0.6262100543666907   0.647109294252519
0.5811335501064289   0.2635240213103205   0.40662422433638423   0.19906231297337762
0.8224183755637257   0.19752228070648947   0.7571053083639534   0.004410272406560667
0.8108790313803614   0.4298666822553916   0.6330512832297782   0.4167454142371376
0.6599443719468576   0.5369501080748159   0.3045604104975772   0.5197426781913183
0.6107914409252647   0.8112883085346573   0.03204312895603101   0.7533029160354775
0.7379636428351223   0.8158287529294368   0.12292883034214452   0.10169019938028412
0.7366520256684838   0.974351032190215   0.2999878180546377   0.9310193037589298
0.709605971816781   0.8905819444226432   0.0942246172076594   0.8517367188415146
0.5038930505631448   0.28866731128159007   0.8405285820196322   0.02050699005815615
0.8461687884521988   0.7998338959322238   0.10344419400617189   0.5602342232312596
0.9620232867283813   0.43162821800924644   0.9592918472083772   0.4060152992312306
0.9995192685476919   0.9294654291315728   0.12599737051150295   0.22938998278058131
0.5217252033113531   0.561907380778345   0.6946093109227389   0.16264486417665958
0.7312353951799541   0.5095232055510639   0.6560332410609288   0.505074072855358
0.765118775753644   0.8982793790848576   0.5191852256032061   0.568045770464682
0.9064876705897261   0.32693652603944634   0.425149210126347   0.19122842072254143
0.9958595877797817   0.8288380541441532   0.4816832495219211   0.27561247100173003
0.8655164698270116   0.9524680611949289   0.47963914393143836   0.41231490457708986
0.9587106027906487   0.941187181665402   0.1622162431776749   0.8875593714934764
0.605808907856316   0.5364691545915998   0.41533363913114874   0.45961034699233194
0.5453433167803555   0.45235964459151645   0.9934158808551178   0.20259952049021657
0.9374558977101263   0.8218345902471567   0.3840745194355383   0.6893264923605363
0.8430627914089207   0.5034345956991727   0.205795442922188   0.4003340352519489
0.8276569326564258   0.9247294978884059   0.27089418452644787   0.8110290922516514
0.7727386925508953   0.687248320975993   0.35587643059662744   0.08689845564669763
0.6544058781029921   0.9136972215092319   0.46662055411240944   0.40630572405816934
0.9193593216838475   0.8604841635727313   0.2445915178569832   0.4594430073263789
0.53182554413879   0.49841673905192285   0.4077106873019509   0.3059210993371624
0.8922616705250241   0.8709246843747779   0.2766461997542081   0.48267339490024497
0.8692458916870094   0.4589857819271024   0.1325385429407374   0.32788351063799903
0.7816457298476446   0.610349614808612   0.39563755712389614   0.16996091610590558
0.5149040569004769   0.9040053140385386   0.34344346051618047   0.6592947912352893
0.6908423839373017   0.49993685806155896   0.19562553083246403   0.346287618331082
0.8328319681615193   0.6840451862551313   0.4488905728684691   0.28842422774202037
0.9582763389747404   0.3650668473096619   0.8754587828259447   0.09011332376018755
0.9245218070927613   0.7416817454646703   0.42992782494727466   0.5507802721091848
0.7816457298476446   0.9040053140385386   0.45757244922339535   0.6592947912352893
0.6322709562711378   0.49993685806155896   0.19562553083246403   0.346287618331082
0.9582763389747404   0.7416817454646703   0.42992782494727466   0.3925551998621063
0.5820427543169743   0.7843140261245436   0.21627965761494417   0.2959417818540906
0.6775358408160236   0.8693123319069679   0.1682024203433241   0.3780339668523922
0.5755193041692548   0.45114709707600564   0.48567346012797363   0.32031242085360834
0.9986342441052195   0.7393820398043569   0.6642634656632154   0.056461748788358634
0.577948769710397   0.9454183694031066   0.35449692517272213   0.4800443685611776
0.8331987302190434   0.7605639619349754   0.33420860813706776   0.09238679305085273
0.8665612681991908   0.1547725230749275   0.7133076192499546   0.032200213307153946
0.7849956823690888   0.3693021771895   0.6628151222429802   0.36789137192183563
0.6107914409252647   0.47414958445456856   0.03204312895603101   0.43005293105179077
0.7379636428351223   0.8158287529294368   0.12292883034214452   0.6770787788010565
0.709605971816781   0.8905819444226432   0.0942246172076594   0.041454525647981466
0.5837991659619695   0.5461497465527646   0.5032980134056594   0.034708155719359146
0.9126249090719301   0.5448650600203796   0.5995252385224826   0.09488479370307767
0.9738472316808934   0.5581010939550067   0.12715792037232565   0.23204143430404
0.5143031793506085   0.6293872634472506   0.7302203465470204   0.19977458525697578
0.7003553618755769   0.6233038634421082   0.6946093109227389   0.16264486417665958
0.8655164698270116   0.9524680611949289   0.44706722730124604   0.41231490457708986
0.5453433167803555   0.45235964459151645   0.5119602447440431   0.20259952049021657
0.9374558977101263   0.8218345902471567   0.3840745194355383   0.2280691639180158
0.9599908114745879   0.4795634576867487   0.5498189588130832   0.0023512005525148094
0.9842514264190443   0.5303653778891422   0.27171247682732647   0.504950008357956
0.7092816736408423   0.5034345956991727   0.9611265103723353   0.4003340352519489
0.8276569326564258   0.9247294978884059   0.2938354154018066   0.8110290922516514
0.7727386925508953   0.24956573086059608   0.11613126970848686   0.08689845564669763
0.8389872131118354   0.5265374686252878   0.4684212281261517   0.13078379238889448
0.9956502692743302   0.8912284367613683   0.2811457300628717   0.5385880810806092
0.6908949218876801   0.5947171543488978   0.037803208537279476   0.36513220402218827
0.7059479052847772   0.8670857435173824   0.05350654350059714   0.09673113586081161
0.5788155639635091   0.9376072842697034   0.2492540878422156   0.8045835178584492
0.5645213206990404   0.7643262920321457   0.03707349207461308   0.10207551940295412
0.6335883738683685   0.7173738441978387   0.3026025137972327   0.12839276023526047
0.984344705028706   0.5947171543488978   0.037803208537279476   0.36513220402218827
0.7594832330048047   0.3048881258888857   0.29352405831219974   0.09371059777707313
0.8073951428457189   0.3106019920841302   0.3104797316349076   0.22144738344505965
0.7636182953886549   0.3277190111846491   0.2848997162814264   0.010894340065891961
0.5399055068200477   0.7843140261245436   0.21627965761494417   0.4422107430253981
0.7521039893582171   0.8693123319069679   0.0014397427978336541   0.3780339668523922
0.5844047597694025   0.45114709707600564   0.6931476099182733   0.32031242085360834
0.526254480568243   0.8959854760536158   0.5002164393408131   0.1517546292031009
0.6732892867480039   0.7768284344730289   0.6262100543666907   0.647109294252519
0.8224183755637257   0.17945762973202617   0.3315639583461478   0.004410272406560667
0.7131138032502844   0.6062038242293784   0.7216586309039782   0.43050742458458524
0.9684768193992739   0.8853206380038473   0.5492884015554692   0.3384346125340466
0.9733846839883362   0.5414592716807671   0.7290703163016936   0.4399639484000599
0.7379636428351223   0.8158287529294368   0.12292883034214452   0.0027302645290900873
0.8274488496350629   0.48078617662582546   0.8312859106966624   0.34546052103239655
0.5837991659619695   0.9138041516779838   0.5032980134056594   0.061710640681292506
0.8845713078680223   0.8626458163463027   0.30281463311617574   0.27003289361396454
0.9126249090719301   0.6961185854662529   0.5995252385224826   0.025822311744335802
0.9075426224354385   0.28866731128159007   0.3811089091612049   0.02050699005815615
0.9858309314677841   0.632114558097866   0.02052967492648039   0.41613825174962205
0.8461687884521988   0.570755833428046   0.8573316226605185   0.5602342232312596
0.9738472316808934   0.9905438127345926   0.12715792037232565   0.8043051654704474
0.647186698742356   0.9091543001189554   0.08078741035041115   0.3156011065865951
0.9620232867283813   0.43162821800924644   0.9592918472083772   0.23192830538937448
0.5143031793506085   0.5418837475450552   0.7302203465470204   0.2810150633235602
0.7003553618755769   0.561907380778345   0.6946093109227389   0.38337581537353826
0.7312353951799541   0.5095232055510639   0.8168385540092159   0.4840681044261066
0.8534842814979161   0.687556867982272   0.6021084266893831   0.28819090634533195
0.9517317734013553   0.6751254795392344   0.4816832495219211   0.27561247100173003
0.817069774822486   0.5278193243007969   0.7508649175081149   0.5105051591424273
0.5253531247587896   0.7523815714170234   0.44851583961674446   0.6736744406021027
0.8639603323188886   0.16761321950009567   0.21041276113848206   0.06137841088230456
0.9587106027906487   0.941187181665402   0.00424360536666224   0.8875593714934764
0.5453433167803555   0.45235964459151645   0.6984391432920372   0.20259952049021657
0.724037149780371   0.3230946145612411   0.14031623656690406   0.08976049383510853
0.8859435310376569   0.8218345902471567   0.3840745194355383   0.7023515905367509
0.9842514264190443   0.5303653778891422   0.27171247682732647   0.31574942079313106
0.7092816736408423   0.791092844808648   0.205795442922188   0.4003340352519489
0.8389872131118354   0.8912284367613683   0.2811457300628717   0.7992706121570055
0.8705415999923434   0.25411112518455914   0.08075118465545095   0.03881495451455408
0.5637356536973737   0.7250220516033851   0.20976313244564715   0.674150411654316
0.97114664136463   0.8487172862037936   0.5444082198616434   0.3545310012570556
0.7975097731634181   0.597875229364375   0.0021387134744280667   0.08019833453306768
0.8943947744847598   0.8963075316428338   0.5321583249346474   0.32497418849914705
0.5296267741530016   0.5108021490306431   0.5490751746654718   0.08502765094488196
0.9105486795834056   0.4874011273718414   0.22309708194203604   0.13004203945230997
0.7797924272596399   0.9267097939569732   0.10269029474246372   0.3962364711022587
0.7975097731634181   0.8963075316428338   0.5321583249346474   0.7545088681998896
0.8943947744847598   0.5108021490306431   0.5490751746654718   0.3640319384824672
0.5296267741530016   0.4874011273718414   0.22309708194203604   0.40557717469794663
0.9105486795834056   0.9267097939569732   0.10269029474246372   0.21954192435698372
0.536559077333821   0.6120031389957544   0.7028603565175736   0.5728570666586529
0.5399055068200477   0.7843140261245436   0.3367716634476181   0.2959417818540906
0.7814755139462862   0.8693123319069679   0.1682024203433241   0.3780339668523922
0.5755193041692548   0.45114709707600564   0.6931476099182733   0.4440364093463752
0.5166482325046082   0.8959854760536158   0.5002164393408131   0.6755060606575841
0.8331987302190434   0.7605639619349754   0.33420860813706776   0.2061218178915597
0.9886412799689845   0.4938310803942929   0.7202353553537955   0.2934529455578707
0.8665612681991908   0.8131275704920804   0.13938689531585935   0.032200213307153946
0.5096826212325369   0.17945762973202617   0.7571053083639534   0.004410272406560667
0.680670580358814   0.6897882931105023   0.25595100655343617   0.5878532452554471
0.693630622165767   0.6904483111326496   0.10655766103553388   0.6063664303748059
0.9684768193992739   0.8853206380038473   0.5492884015554692   0.8654159633761561
0.7379636428351223   0.8158287529294368   0.12292883034214452   0.35521919706491123
0.967587683922143   0.8305293636506341   0.5400465231046054   0.3263617681801997
0.7606063342218837   0.6453815217719691   0.5034109860051862   0.03561633333937797
0.6030376617221758   0.5315928264791905   0.4648243380004351   0.5062400296482865
0.5837991659619695   0.5461497465527646   0.3724248526058357   0.061710640681292506
0.9075426224354385   0.3563013402229669   0.8405285820196322   0.02050699005815615
0.647186698742356   0.9091543001189554   0.08078741035041115   0.3005928984890618
0.9620232867283813   0.43162821800924644   0.9592918472083772   0.06911443616501223
0.9958595877797817   0.6751254795392344   0.5854108661223486   0.27561247100173003
0.6381462584632205   0.42519616059273346   0.1471457713665748   0.1750184770143638
0.817069774822486   0.5278193243007969   0.8908960663357102   0.5105051591424273
0.8367878823678675   0.42086668656897364   0.5060387754041165   0.2683082082725067
0.8655164698270116   0.9524680611949289   0.4583975140851573   0.41231490457708986
0.8639603323188886   0.8320627176470649   0.21041276113848206   0.6447851747142159
0.8511416837923292   0.9479115427465257   0.2148454504738564   0.7621419193339778
0.724037149780371   0.3230946145612411   0.14031623656690406   0.21288782875320666
0.9374558977101263   0.8218345902471567   0.34096365774618564   0.7023515905367509
0.576923959501006   0.5034345956991727   0.205795442922188   0.4003340352519489
0.7727386925508953   0.8054082152010499   0.11613126970848686   0.08689845564669763
0.6544058781029921   0.9136972215092319   0.4674538833399494   0.26945611197809916
0.6540522055737826   0.25411112518455914   0.08075118465545095   0.052314041430629454
0.6882471444527417   0.4274877547975662   0.1873220873151148   0.2174683380314708
0.6495421617596502   0.22765992183537886   0.8795736338241467   0.16177505092841782
0.6792340168605903   0.765666031708001   0.6103276524455161   0.4966004251235002
0.6523808646249615   0.6256612484800396   0.6228607068362337   0.11980578772982375
0.9823576371375092   0.8266969835757012   0.24842422472982906   0.47765866985251937
0.5420866977734992   0.5026874628452851   0.39883287629978026   0.02051952928326961
0.518685105524429   0.3669116958961981   0.5546766807026078   0.16152936675661078
0.9242736589140147   0.7844689752662486   0.04153298811005002   0.46664205888351395
