0.11812894394547169   0.14208112230673053   0.5967185333285253   0.038070314127779836
0.24549106993102043   0.04752669194124226   0.6485572553873384   0.03794402008126496
0.24549106993102043   0.04752669194124226   0.6485572553873384   0.04052428988432333
0.24549106993102043   0.04752669194124226   0.6485572553873384   0.031980337912842716
0.24549106993102043   0.04752669194124226   0.6485572553873384   0.03904009104810169
0.24549106993102043   0.04752669194124226   0.6485572553873384   0.041935924141140224
0.24549106993102043   0.04752669194124226   0.6485572553873384   0.032911387477013165
0.24549106993102043   0.04752669194124226   0.6485572553873384   0.03484468601387114
0.24549106993102043   0.04752669194124226   0.6485572553873384   0.043087342499423364
0.24549106993102043   0.04752669194124226   0.6485572553873384   0.031208511197904576
0.24549106993102043   0.04752669194124226   0.6485572553873384   0.04010418745667543
0.24549106993102043   0.04752669194124226   0.6485572553873384   0.03134319294867105
0.24549106993102043   0.04752669194124226   0.6485572553873384   0.03375200596761663
0.24549106993102043   0.04752669194124226   0.6485572553873384   0.03565703691968136
0.24549106993102043   0.04752669194124226   0.6485572553873384   0.0421369263315845
0.24549106993102043   0.04752669194124226   0.6485572553873384   0.031082037702979237
0.24549106993102043   0.04752669194124226   0.6485572553873384   0.04334326664762478
0.24549106993102043   0.04752669194124226   0.6485572553873384   0.03976253764960347
0.24549106993102043   0.04752669194124226   0.6485572553873384   0.029522996562071135
0.24549106993102043   0.04752669194124226   0.6485572553873384   0.034601953755491466
0.24549106993102043   0.04752669194124226   0.6485572553873384   0.04019896470756046
0.24549106993102043   0.04752669194124226   0.6485572553873384   0.03484468601387114
0.24549106993102043   0.04752669194124226   0.6485572553873384   0.04334326664762478
0.24549106993102043   0.04752669194124226   0.6485572553873384   0.04019896470756046
0.11812894394547169   0.14208112230673053   0.5967185333285253   0.038070314127779836
0.24549106993102043   0.04752669194124226   0.6485572553873384   0.03375200596761663
0.24549106993102043   0.04752669194124226   0.6485572553873384   0.029522996562071135
0.24549106993102043   0.04752669194124226   0.6485572553873384   0.04010418745667543
0.24549106993102043   0.04752669194124226   0.6485572553873384   0.04019896470756046
0.24549106993102043   0.04752669194124226   0.6485572553873384   0.03565703691968136
0.24549106993102043   0.04752669194124226   0.6485572553873384   0.03794402008126496
0.24549106993102043   0.04752669194124226   0.6485572553873384   0.031208511197904576
0.24549106993102043   0.04752669194124226   0.6485572553873384   0.03904009104810169
0.24549106993102043   0.04752669194124226   0.6485572553873384   0.032911387477013165
0.24549106993102043   0.04752669194124226   0.6485572553873384   0.03794402008126496
0.24549106993102043   0.04752669194124226   0.6485572553873384   0.031208511197904576
0.24549106993102043   0.04752669194124226   0.6485572553873384   0.04052428988432333
0.24549106993102043   0.04752669194124226   0.6485572553873384   0.04052428988432333
0.24549106993102043   0.04752669194124226   0.6485572553873384   0.031208511197904576
0.24549106993102043   0.04752669194124226   0.6485572553873384   0.031208511197904576
0.24549106993102043   0.04752669194124226   0.6485572553873384   0.041935924141140224
0.24549106993102043   0.04752669194124226   0.6485572553873384   0.03565703691968136
0.24549106993102043   0.04752669194124226   0.6485572553873384   0.029522996562071135
0.24549106993102043   0.04752669194124226   0.6485572553873384   0.043087342499423364
0.24549106993102043   0.04752669194124226   0.6485572553873384   0.03904009104810169
0.11812894394547169   0.14208112230673053   0.5967185333285253   0.038070314127779836
0.24549106993102043   0.04752669194124226   0.6485572553873384   0.03976253764960347
0.24549106993102043   0.04752669194124226   0.6485572553873384   0.03794402008126496
0.24549106993102043   0.04752669194124226   0.6485572553873384   0.029522996562071135
0.24549106993102043   0.04752669194124226   0.6485572553873384   0.032911387477013165
0.24549106993102043   0.04752669194124226   0.6485572553873384   0.029522996562071135
0.24549106993102043   0.04752669194124226   0.6485572553873384   0.0421369263315845
0.24549106993102043   0.04752669194124226   0.6485572553873384   0.041935924141140224
0.24549106993102043   0.04752669194124226   0.6485572553873384   0.034601953755491466
0.24549106993102043   0.04752669194124226   0.6485572553873384   0.04334326664762478
0.24549106993102043   0.04752669194124226   0.6485572553873384   0.03794402008126496
0.24549106993102043   0.04752669194124226   0.6485572553873384   0.03375200596761663
0.24549106993102043   0.04752669194124226   0.6485572553873384   0.032911387477013165
0.24549106993102043   0.04752669194124226   0.6485572553873384   0.03134319294867105
0.24549106993102043   0.04752669194124226   0.6485572553873384   0.031980337912842716
0.24549106993102043   0.04752669194124226   0.6485572553873384   0.032911387477013165
0.24549106993102043   0.04752669194124226   0.6485572553873384   0.029522996562071135
0.24549106993102043   0.04752669194124226   0.6485572553873384   0.03565703691968136
0.24549106993102043   0.04752669194124226   0.6485572553873384   0.029522996562071135
0.24549106993102043   0.04752669194124226   0.6485572553873384   0.032911387477013165
0.24549106993102043   0.04752669194124226   0.6485572553873384   0.031082037702979237
0.24549106993102043   0.04752669194124226   0.6485572553873384   0.031980337912842716
0.24549106993102043   0.04752669194124226   0.6485572553873384   0.03375200596761663
0.24549106993102043   0.04752669194124226   0.6485572553873384   0.031208511197904576
0.24549106993102043   0.04752669194124226   0.6485572553873384   0.04334326664762478
0.24549106993102043   0.04752669194124226   0.6485572553873384   0.031082037702979237
0.11812894394547169   0.14208112230673053   0.5967185333285253   0.038070314127779836
0.24549106993102043   0.04752669194124226   0.6485572553873384   0.04010418745667543
0.24549106993102043   0.04752669194124226   0.6485572553873384   0.034601953755491466
0.24549106993102043   0.04752669194124226   0.6485572553873384   0.03375200596761663
0.24549106993102043   0.04752669194124226   0.6485572553873384   0.031208511197904576
0.11812894394547169   0.14208112230673053   0.5967185333285253   0.038070314127779836
0.24549106993102043   0.04752669194124226   0.6485572553873384   0.041935924141140224
0.24549106993102043   0.04752669194124226   0.6485572553873384   0.032911387477013165
0.24549106993102043   0.04752669194124226   0.6485572553873384   0.04010418745667543
0.24549106993102043   0.04752669194124226   0.6485572553873384   0.029522996562071135
0.24549106993102043   0.04752669194124226   0.6485572553873384   0.03904009104810169
0.24549106993102043   0.04752669194124226   0.6485572553873384   0.04010418745667543
0.24549106993102043   0.04752669194124226   0.6485572553873384   0.03565703691968136
0.24549106993102043   0.04752669194124226   0.6485572553873384   0.032911387477013165
0.24549106993102043   0.04752669194124226   0.6485572553873384   0.043087342499423364
0.24549106993102043   0.04752669194124226   0.6485572553873384   0.031980337912842716
0.24549106993102043   0.04752669194124226   0.6485572553873384   0.03375200596761663
0.24549106993102043   0.04752669194124226   0.6485572553873384   0.03976253764960347
0.24549106993102043   0.04752669194124226   0.6485572553873384   0.03134319294867105
0.24549106993102043   0.04752669194124226   0.6485572553873384   0.03976253764960347
0.24549106993102043   0.04752669194124226   0.6485572553873384   0.031082037702979237
0.24549106993102043   0.04752669194124226   0.6485572553873384   0.03976253764960347
0.24549106993102043   0.04752669194124226   0.6485572553873384   0.03484468601387114
0.24549106993102043   0.04752669194124226   0.6485572553873384   0.04052428988432333
0.24549106993102043   0.04752669194124226   0.6485572553873384   0.03794402008126496
0.24549106993102043   0.04752669194124226   0.6485572553873384   0.04052428988432333
0.24549106993102043   0.04752669194124226   0.6485572553873384   0.03904009104810169
0.24549106993102043   0.04752669194124226   0.6485572553873384   0.041935924141140224
0.24549106993102043   0.04752669194124226   0.6485572553873384   0.041935924141140224
0.24549106993102043   0.04752669194124226   0.6485572553873384   0.03976253764960347
0.24549106993102043   0.04752669194124226   0.6485572553873384   0.032911387477013165
0.24549106993102043   0.04752669194124226   0.6485572553873384   0.043087342499423364
0.24549106993102043   0.04752669194124226   0.6485572553873384   0.04010418745667543
0.24549106993102043   0.04752669194124226   0.6485572553873384   0.034601953755491466
0.24549106993102043   0.04752669194124226   0.6485572553873384   0.04334326664762478
0.24549106993102043   0.04752669194124226   0.6485572553873384   0.043087342499423364
0.24549106993102043   0.04752669194124226   0.6485572553873384   0.03134319294867105
0.24549106993102043   0.04752669194124226   0.6485572553873384   0.04010418745667543
0.24549106993102043   0.04752669194124226   0.6485572553873384   0.04010418745667543
0.24549106993102043   0.04752669194124226   0.6485572553873384   0.031980337912842716
0.24549106993102043   0.04752669194124226   0.6485572553873384   0.031208511197904576
0.24549106993102043   0.04752669194124226   0.6485572553873384   0.03484468601387114
0.24549106993102043   0.04752669194124226   0.6485572553873384   0.034601953755491466
0.24549106993102043   0.04752669194124226   0.6485572553873384   0.031082037702979237
0.24549106993102043   0.04752669194124226   0.6485572553873384   0.03904009104810169
0.24549106993102043   0.04752669194124226   0.6485572553873384   0.029522996562071135
0.24549106993102043   0.04752669194124226   0.6485572553873384   0.03976253764960347
0.24549106993102043   0.04752669194124226   0.6485572553873384   0.031980337912842716
0.24549106993102043   0.04752669194124226   0.6485572553873384   0.04010418745667543
0.24549106993102043   0.04752669194124226   0.6485572553873384   0.03794402008126496
0.24549106993102043   0.04752669194124226   0.6485572553873384   0.03565703691968136
0.24549106993102043   0.04752669194124226   0.6485572553873384   0.04052428988432333
0.24549106993102043   0.04752669194124226   0.6485572553873384   0.03375200596761663
0.24549106993102043   0.04752669194124226   0.6485572553873384   0.03904009104810169
0.24549106993102043   0.04752669194124226   0.6485572553873384   0.03904009104810169
0.24549106993102043   0.04752669194124226   0.6485572553873384   0.04010418745667543
0.24549106993102043   0.04752669194124226   0.6485572553873384   0.031980337912842716
0.24549106993102043   0.04752669194124226   0.6485572553873384   0.034601953755491466
0.24549106993102043   0.04752669194124226   0.6485572553873384   0.029522996562071135
0.24549106993102043   0.04752669194124226   0.6485572553873384   0.03375200596761663
0.24549106993102043   0.04752669194124226   0.6485572553873384   0.04052428988432333
0.24549106993102043   0.04752669194124226   0.6485572553873384   0.029522996562071135
0.24549106993102043   0.04752669194124226   0.6485572553873384   0.03976253764960347
0.24549106993102043   0.04752669194124226   0.6485572553873384   0.03484468601387114
0.24549106993102043   0.04752669194124226   0.6485572553873384   0.029522996562071135
0.24549106993102043   0.04752669194124226   0.6485572553873384   0.04052428988432333
0.24549106993102043   0.04752669194124226   0.6485572553873384   0.043087342499423364
0.24549106993102043   0.04752669194124226   0.6485572553873384   0.03134319294867105
0.24549106993102043   0.04752669194124226   0.6485572553873384   0.031208511197904576
0.24549106993102043   0.04752669194124226   0.6485572553873384   0.029522996562071135
0.24549106993102043   0.04752669194124226   0.6485572553873384   0.03976253764960347
0.24549106993102043   0.04752669194124226   0.6485572553873384   0.031980337912842716
0.24549106993102043   0.04752669194124226   0.6485572553873384   0.0421369263315845
0.24549106993102043   0.04752669194124226   0.6485572553873384   0.043087342499423364
0.24549106993102043   0.04752669194124226   0.6485572553873384   0.031980337912842716
0.24549106993102043   0.04752669194124226   0.6485572553873384   0.03794402008126496
0.24549106993102043   0.04752669194124226   0.6485572553873384   0.031208511197904576
0.11812894394547169   0.14208112230673053   0.5967185333285253   0.038070314127779836
0.24549106993102043   0.04752669194124226   0.6485572553873384   0.034601953755491466
0.11812894394547169   0.14208112230673053   0.5967185333285253   0.038070314127779836
0.24549106993102043   0.04752669194124226   0.6485572553873384   0.04052428988432333
0.24549106993102043   0.04752669194124226   0.6485572553873384   0.03565703691968136
0.24549106993102043   0.04752669194124226   0.6485572553873384   0.031980337912842716
0.24549106993102043   0.04752669194124226   0.6485572553873384   0.03794402008126496
0.24549106993102043   0.04752669194124226   0.6485572553873384   0.032911387477013165
0.24549106993102043   0.04752669194124226   0.6485572553873384   0.03484468601387114
0.24549106993102043   0.04752669194124226   0.6485572553873384   0.029522996562071135
0.24549106993102043   0.04752669194124226   0.6485572553873384   0.03565703691968136
0.24549106993102043   0.04752669194124226   0.6485572553873384   0.041935924141140224
0.24549106993102043   0.04752669194124226   0.6485572553873384   0.031980337912842716
0.24549106993102043   0.04752669194124226   0.6485572553873384   0.0421369263315845
0.24549106993102043   0.04752669194124226   0.6485572553873384   0.041935924141140224
0.24549106993102043   0.04752669194124226   0.6485572553873384   0.03484468601387114
0.24549106993102043   0.04752669194124226   0.6485572553873384   0.041935924141140224
0.24549106993102043   0.04752669194124226   0.6485572553873384   0.031980337912842716
0.24549106993102043   0.04752669194124226   0.6485572553873384   0.03565703691968136
0.24549106993102043   0.04752669194124226   0.6485572553873384   0.03375200596761663
0.24549106993102043   0.04752669194124226   0.6485572553873384   0.03976253764960347
0.24549106993102043   0.04752669194124226   0.6485572553873384   0.031208511197904576
0.24549106993102043   0.04752669194124226   0.6485572553873384   0.03976253764960347
0.15973483338453465   0.14208112230673053   0.5967185333285253   0.038070314127779836
0.2171283847109745   0.04752669194124226   0.6485572553873384   0.031208511197904576
0.24549106993102043   0.04752669194124226   0.5039324233842603   0.04052428988432333
0.24549106993102043   0.0007777614795765331   0.6485572553873384   0.031208511197904576
0.21413426575476846   0.04752669194124226   0.6485572553873384   0.029522996562071135
0.24549106993102043   0.04752669194124226   0.6485572553873384   0.0369419575159351
0.24549106993102043   0.04752669194124226   0.600885369206272   0.034601953755491466
0.24549106993102043   0.04752669194124226   0.6587175287586556   0.03565703691968136
0.24549106993102043   0.05158037616625766   0.6485572553873384   0.031980337912842716
0.24549106993102043   0.04752669194124226   0.5148175978047391   0.032911387477013165
0.24549106993102043   0.04752669194124226   0.6485572553873384   0.03066607017772327
0.24549106993102043   0.04752669194124226   0.5442716630295029   0.03904009104810169
0.22733352233417747   0.04752669194124226   0.6485572553873384   0.034601953755491466
0.23897273888847625   0.04752669194124226   0.6485572553873384   0.03484468601387114
0.24549106993102043   0.028347828371931283   0.6485572553873384   0.029522996562071135
0.24549106993102043   0.04752669194124226   0.5133892407062753   0.0421369263315845
0.24549106993102043   0.04752669194124226   0.6485572553873384   0.034069593375415375
0.24549106993102043   0.04752669194124226   0.5696588207973007   0.03484468601387114
0.26682657897336226   0.04752669194124226   0.6485572553873384   0.03484468601387114
0.24549106993102043   0.04752669194124226   0.5052326502984781   0.03794402008126496
0.24549106993102043   0.04752669194124226   0.608717155767171   0.03794402008126496
0.23858485037114274   0.04752669194124226   0.6485572553873384   0.03134319294867105
0.18222086627980383   0.04752669194124226   0.7113288164421439   0.032911387477013165
0.24549106993102043   0.04752669194124226   0.6485572553873384   0.041101364570433896
0.24549106993102043   0.042369482448399554   0.5967185333285253   0.038070314127779836
0.24549106993102043   0.04752669194124226   0.6195671210271301   0.029522996562071135
0.24549106993102043   0.04752669194124226   0.6446207972625023   0.03794402008126496
0.24549106993102043   0.06350211748166767   0.5967185333285253   0.038070314127779836
0.021403350382035335   0.26913049413520795   0.6485572553873384   0.04052428988432333
0.18449420510894754   0.04752669194124226   0.6485572553873384   0.029522996562071135
0.24549106993102043   0.04752669194124226   0.580481336546608   0.03134319294867105
0.25485993512174465   0.04752669194124226   0.6485572553873384   0.03565703691968136
0.24549106993102043   0.04752669194124226   0.600471804926889   0.029522996562071135
0.24549106993102043   0.04752669194124226   0.5832000413140528   0.0421369263315845
0.24549106993102043   0.04752669194124226   0.6485572553873384   0.032911387477013165
0.24549106993102043   0.04752669194124226   0.6485572553873384   0.03484468601387114
0.24549106993102043   0.04752669194124226   0.6485572553873384   0.03565703691968136
0.24549106993102043   0.04752669194124226   0.6485572553873384   0.03484468601387114
0.24549106993102043   0.04752669194124226   0.6485572553873384   0.032911387477013165
0.2171283847109745   0.04752669194124226   0.6485572553873384   0.031208511197904576
0.24549106993102043   0.04752669194124226   0.6485572553873384   0.031208511197904576
0.24549106993102043   0.04752669194124226   0.6485572553873384   0.04010418745667543
0.24549106993102043   0.04752669194124226   0.6485572553873384   0.03976253764960347
0.24549106993102043   0.04752669194124226   0.6485572553873384   0.0421369263315845
0.24549106993102043   0.04752669194124226   0.6485572553873384   0.04010418745667543
0.24549106993102043   0.04752669194124226   0.6485572553873384   0.031082037702979237
0.24549106993102043   0.04752669194124226   0.5696588207973007   0.03484468601387114
0.11812894394547169   0.14208112230673053   0.5967185333285253   0.038070314127779836
0.24549106993102043   0.04752669194124226   0.6485572553873384   0.03904009104810169
0.24549106993102043   0.04752669194124226   0.6485572553873384   0.04334326664762478
0.24549106993102043   0.04752669194124226   0.6485572553873384   0.03375200596761663
0.24549106993102043   0.04752669194124226   0.6485572553873384   0.032911387477013165
0.24549106993102043   0.04752669194124226   0.6485572553873384   0.029522996562071135
0.24549106993102043   0.04752669194124226   0.6485572553873384   0.034601953755491466
0.24549106993102043   0.04752669194124226   0.6485572553873384   0.04010418745667543
0.11812894394547169   0.14208112230673053   0.5967185333285253   0.038070314127779836
0.24549106993102043   0.04752669194124226   0.5052326502984781   0.03794402008126496
0.24549106993102043   0.04752669194124226   0.6485572553873384   0.041935924141140224
0.24549106993102043   0.04752669194124226   0.6485572553873384   0.043087342499423364
0.24549106993102043   0.04752669194124226   0.6485572553873384   0.043087342499423364
0.24549106993102043   0.04752669194124226   0.6485572553873384   0.032911387477013165
0.24549106993102043   0.04752669194124226   0.6485572553873384   0.032911387477013165
0.24549106993102043   0.04752669194124226   0.6485572553873384   0.04052428988432333
0.24549106993102043   0.04752669194124226   0.6485572553873384   0.0421369263315845
0.24549106993102043   0.04752669194124226   0.6485572553873384   0.031208511197904576
0.24549106993102043   0.04752669194124226   0.6485572553873384   0.04052428988432333
0.24549106993102043   0.04752669194124226   0.6485572553873384   0.03794402008126496
0.24549106993102043   0.04752669194124226   0.6485572553873384   0.031980337912842716
0.24549106993102043   0.04752669194124226   0.6485572553873384   0.03976253764960347
0.24549106993102043   0.04752669194124226   0.6485572553873384   0.043087342499423364
0.021403350382035335   0.26913049413520795   0.6485572553873384   0.04052428988432333
0.24549106993102043   0.04752669194124226   0.5148175978047391   0.032911387477013165
0.24549106993102043   0.04752669194124226   0.6485572553873384   0.041935924141140224
0.24549106993102043   0.04752669194124226   0.6485572553873384   0.03375200596761663
0.24549106993102043   0.04752669194124226   0.6485572553873384   0.031208511197904576
0.24549106993102043   0.04752669194124226   0.6485572553873384   0.04052428988432333
0.24549106993102043   0.04752669194124226   0.6485572553873384   0.0421369263315845
0.24549106993102043   0.04752669194124226   0.6485572553873384   0.03976253764960347
0.24549106993102043   0.04752669194124226   0.6485572553873384   0.03375200596761663
0.24549106993102043   0.04752669194124226   0.6485572553873384   0.041935924141140224
0.24549106993102043   0.04752669194124226   0.6485572553873384   0.03794402008126496
0.2171283847109745   0.04752669194124226   0.6485572553873384   0.031208511197904576
0.24549106993102043   0.04752669194124226   0.6485572553873384   0.031980337912842716
0.24549106993102043   0.04752669194124226   0.6485572553873384   0.04052428988432333
0.24549106993102043   0.04752669194124226   0.6485572553873384   0.032911387477013165
0.24549106993102043   0.04752669194124226   0.6485572553873384   0.04010418745667543
0.24549106993102043   0.04752669194124226   0.6485572553873384   0.029522996562071135
0.24549106993102043   0.04752669194124226   0.6485572553873384   0.03976253764960347
0.24549106993102043   0.04752669194124226   0.6485572553873384   0.041935924141140224
0.24549106993102043   0.04752669194124226   0.6485572553873384   0.031208511197904576
0.24549106993102043   0.04752669194124226   0.6485572553873384   0.029522996562071135
0.24549106993102043   0.04752669194124226   0.6485572553873384   0.031980337912842716
0.24549106993102043   0.04752669194124226   0.6485572553873384   0.03904009104810169
0.24549106993102043   0.04752669194124226   0.6485572553873384   0.03565703691968136
0.24549106993102043   0.04752669194124226   0.6485572553873384   0.03484468601387114
0.24549106993102043   0.04752669194124226   0.6485572553873384   0.043087342499423364
0.24549106993102043   0.04752669194124226   0.6485572553873384   0.04010418745667543
0.24549106993102043   0.04752669194124226   0.6485572553873384   0.03904009104810169
0.24549106993102043   0.04752669194124226   0.6485572553873384   0.041935924141140224
0.24549106993102043   0.04752669194124226   0.6485572553873384   0.0421369263315845
0.24549106993102043   0.04752669194124226   0.6485572553873384   0.03565703691968136
0.24549106993102043   0.04752669194124226   0.6485572553873384   0.043087342499423364
0.18449420510894754   0.04752669194124226   0.6485572553873384   0.029522996562071135
0.24549106993102043   0.04752669194124226   0.6485572553873384   0.03794402008126496
0.24549106993102043   0.04752669194124226   0.6485572553873384   0.031980337912842716
0.24549106993102043   0.04752669194124226   0.6485572553873384   0.04010418745667543
0.24549106993102043   0.04752669194124226   0.6485572553873384   0.04334326664762478
0.24549106993102043   0.04752669194124226   0.6485572553873384   0.031208511197904576
0.2171283847109745   0.04752669194124226   0.6485572553873384   0.031208511197904576
0.11812894394547169   0.14208112230673053   0.5967185333285253   0.038070314127779836
0.24549106993102043   0.04752669194124226   0.6485572553873384   0.03904009104810169
0.24549106993102043   0.04752669194124226   0.6485572553873384   0.029522996562071135
0.24549106993102043   0.04752669194124226   0.6485572553873384   0.03976253764960347
0.21413426575476846   0.04752669194124226   0.6485572553873384   0.029522996562071135
0.24549106993102043   0.04752669194124226   0.6485572553873384   0.04052428988432333
0.24549106993102043   0.04752669194124226   0.6485572553873384   0.03904009104810169
0.24549106993102043   0.04752669194124226   0.6195671210271301   0.029522996562071135
0.24549106993102043   0.04752669194124226   0.6485572553873384   0.04052428988432333
0.24549106993102043   0.04752669194124226   0.6485572553873384   0.032911387477013165
0.24549106993102043   0.04752669194124226   0.6485572553873384   0.04334326664762478
0.24549106993102043   0.028347828371931283   0.6485572553873384   0.029522996562071135
0.24549106993102043   0.04752669194124226   0.6485572553873384   0.04010418745667543
0.24549106993102043   0.04752669194124226   0.6485572553873384   0.03484468601387114
0.24549106993102043   0.04752669194124226   0.6485572553873384   0.03794402008126496
0.24549106993102043   0.04752669194124226   0.6485572553873384   0.043087342499423364
0.24549106993102043   0.04752669194124226   0.6485572553873384   0.029522996562071135
0.24549106993102043   0.04752669194124226   0.6485572553873384   0.043087342499423364
0.24549106993102043   0.04752669194124226   0.6485572553873384   0.04334326664762478
0.24549106993102043   0.04752669194124226   0.6485572553873384   0.031208511197904576
0.24549106993102043   0.04752669194124226   0.6485572553873384   0.041101364570433896
0.24549106993102043   0.04752669194124226   0.6485572553873384   0.043087342499423364
0.24549106993102043   0.04752669194124226   0.6485572553873384   0.031980337912842716
0.24549106993102043   0.04752669194124226   0.6485572553873384   0.029522996562071135
0.24549106993102043   0.04752669194124226   0.6485572553873384   0.031082037702979237
0.24549106993102043   0.04752669194124226   0.6485572553873384   0.04052428988432333
0.24549106993102043   0.04752669194124226   0.6485572553873384   0.031980337912842716
0.24549106993102043   0.04752669194124226   0.6485572553873384   0.03375200596761663
0.24549106993102043   0.04752669194124226   0.6485572553873384   0.03565703691968136
0.24549106993102043   0.04752669194124226   0.6485572553873384   0.03375200596761663
0.24549106993102043   0.04752669194124226   0.6485572553873384   0.032911387477013165
0.24549106993102043   0.04752669194124226   0.6485572553873384   0.03794402008126496
0.021403350382035335   0.26913049413520795   0.6485572553873384   0.04052428988432333
0.22733352233417747   0.04752669194124226   0.6485572553873384   0.034601953755491466
0.24549106993102043   0.04752669194124226   0.6485572553873384   0.03904009104810169
0.24549106993102043   0.04752669194124226   0.6485572553873384   0.03794402008126496
0.11812894394547169   0.14208112230673053   0.5967185333285253   0.038070314127779836
0.24549106993102043   0.04752669194124226   0.6485572553873384   0.03976253764960347
0.24549106993102043   0.04752669194124226   0.6446207972625023   0.03794402008126496
0.24549106993102043   0.04752669194124226   0.6485572553873384   0.029522996562071135
0.24549106993102043   0.04752669194124226   0.6485572553873384   0.04010418745667543
0.24549106993102043   0.04752669194124226   0.6485572553873384   0.04010418745667543
0.24549106993102043   0.04752669194124226   0.6485572553873384   0.034601953755491466
0.24549106993102043   0.04752669194124226   0.6485572553873384   0.029522996562071135
0.24549106993102043   0.04752669194124226   0.6485572553873384   0.03904009104810169
0.24549106993102043   0.04752669194124226   0.580481336546608   0.03134319294867105
0.24549106993102043   0.04752669194124226   0.6485572553873384   0.04052428988432333
0.24549106993102043   0.04752669194124226   0.6485572553873384   0.03904009104810169
0.24549106993102043   0.04752669194124226   0.6485572553873384   0.03375200596761663
0.24549106993102043   0.04752669194124226   0.6485572553873384   0.03565703691968136
0.24549106993102043   0.04752669194124226   0.6485572553873384   0.029522996562071135
0.11812894394547169   0.14208112230673053   0.5967185333285253   0.038070314127779836
0.18449420510894754   0.04752669194124226   0.6485572553873384   0.029522996562071135
0.24549106993102043   0.04752669194124226   0.6485572553873384   0.04052428988432333
0.24549106993102043   0.04752669194124226   0.6485572553873384   0.034601953755491466
0.24549106993102043   0.04752669194124226   0.6485572553873384   0.03794402008126496
0.24549106993102043   0.04752669194124226   0.6485572553873384   0.029522996562071135
0.24549106993102043   0.04752669194124226   0.6485572553873384   0.032911387477013165
0.24549106993102043   0.04752669194124226   0.6485572553873384   0.043087342499423364
0.24549106993102043   0.04752669194124226   0.6485572553873384   0.04019896470756046
0.24549106993102043   0.04752669194124226   0.6485572553873384   0.031208511197904576
0.24549106993102043   0.04752669194124226   0.6485572553873384   0.03484468601387114
0.24549106993102043   0.04752669194124226   0.6485572553873384   0.031208511197904576
0.24549106993102043   0.04752669194124226   0.6485572553873384   0.043087342499423364
0.24549106993102043   0.04752669194124226   0.6485572553873384   0.04052428988432333
0.24549106993102043   0.04752669194124226   0.6485572553873384   0.03565703691968136
0.24549106993102043   0.04752669194124226   0.6485572553873384   0.03976253764960347
0.24549106993102043   0.04752669194124226   0.6485572553873384   0.031082037702979237
0.24549106993102043   0.04752669194124226   0.6485572553873384   0.04010418745667543
0.24549106993102043   0.04752669194124226   0.580481336546608   0.03134319294867105
0.24549106993102043   0.04752669194124226   0.6485572553873384   0.03134319294867105
0.24549106993102043   0.04752669194124226   0.6485572553873384   0.031208511197904576
0.24549106993102043   0.04752669194124226   0.6485572553873384   0.031980337912842716
0.24549106993102043   0.04752669194124226   0.6485572553873384   0.029522996562071135
0.15973483338453465   0.14208112230673053   0.5967185333285253   0.038070314127779836
0.19293197618060887   0.04752669194124226   0.6485572553873384   0.03484468601387114
0.22194669326030791   0.04752669194124226   0.5052326502984781   0.03794402008126496
0.24549106993102043   0.019547964767769432   0.6485572553873384   0.031980337912842716
0.2799804821535178   0.04752669194124226   0.5148175978047391   0.032911387477013165
0.2673819500898157   0.04752669194124226   0.6485572553873384   0.03375200596761663
0.24549106993102043   0.04752669194124226   0.6380036727789704   0.03904009104810169
0.24549106993102043   0.04752669194124226   0.5002147357578054   0.029522996562071135
0.24549106993102043   0.02066026304817603   0.6485572553873384   0.031208511197904576
0.24549106993102043   0.03569174021246424   0.6485572553873384   0.04052428988432333
0.2145927212016755   0.04752669194124226   0.6446207972625023   0.03794402008126496
0.24549106993102043   0.04752669194124226   0.5901370761765612   0.03904009104810169
0.2561230284622802   0.04752669194124226   0.6485572553873384   0.04052428988432333
0.24549106993102043   0.04752669194124226   0.6422972382574664   0.031208511197904576
0.24549106993102043   0.05911218112456451   0.5967185333285253   0.038070314127779836
0.24549106993102043   0.04752669194124226   0.6485572553873384   0.031082037702979237
0.24549106993102043   0.04752669194124226   0.6485572553873384   0.03904009104810169
0.18449420510894754   0.04752669194124226   0.6485572553873384   0.029522996562071135
0.24549106993102043   0.04752669194124226   0.6485572553873384   0.031082037702979237
0.25485993512174465   0.04752669194124226   0.6485572553873384   0.03565703691968136
0.24549106993102043   0.04752669194124226   0.6485572553873384   0.03565703691968136
0.24549106993102043   0.04752669194124226   0.6485572553873384   0.03794402008126496
0.24549106993102043   0.04752669194124226   0.6485572553873384   0.041935924141140224
0.24549106993102043   0.04752669194124226   0.6485572553873384   0.032911387477013165
0.24549106993102043   0.04752669194124226   0.6485572553873384   0.029522996562071135
0.11812894394547169   0.14208112230673053   0.5967185333285253   0.038070314127779836
0.24549106993102043   0.04752669194124226   0.6485572553873384   0.03794402008126496
0.24549106993102043   0.04752669194124226   0.6485572553873384   0.03565703691968136
0.24549106993102043   0.04752669194124226   0.6485572553873384   0.032911387477013165
0.24549106993102043   0.04752669194124226   0.6485572553873384   0.04010418745667543
0.11812894394547169   0.14208112230673053   0.5967185333285253   0.038070314127779836
0.24549106993102043   0.04752669194124226   0.6485572553873384   0.03484468601387114
0.24549106993102043   0.04752669194124226   0.6485572553873384   0.04052428988432333
0.24549106993102043   0.04752669194124226   0.6485572553873384   0.031208511197904576
0.24549106993102043   0.04752669194124226   0.6485572553873384   0.03565703691968136
0.24549106993102043   0.04752669194124226   0.6485572553873384   0.03565703691968136
0.24549106993102043   0.04752669194124226   0.6485572553873384   0.03904009104810169
0.24549106993102043   0.04752669194124226   0.6485572553873384   0.03976253764960347
0.24549106993102043   0.04752669194124226   0.6485572553873384   0.032911387477013165
0.24549106993102043   0.04752669194124226   0.6485572553873384   0.029522996562071135
0.24549106993102043   0.04752669194124226   0.6485572553873384   0.031980337912842716
0.24549106993102043   0.04752669194124226   0.6485572553873384   0.03904009104810169
0.24549106993102043   0.04752669194124226   0.6195671210271301   0.029522996562071135
0.24549106993102043   0.04752669194124226   0.6485572553873384   0.034601953755491466
0.24549106993102043   0.04752669194124226   0.6485572553873384   0.031980337912842716
0.24549106993102043   0.04752669194124226   0.6485572553873384   0.031208511197904576
0.24549106993102043   0.028347828371931283   0.6485572553873384   0.029522996562071135
0.24549106993102043   0.04752669194124226   0.6485572553873384   0.031208511197904576
0.24549106993102043   0.04752669194124226   0.6485572553873384   0.03375200596761663
0.24549106993102043   0.04752669194124226   0.6380036727789704   0.03904009104810169
0.24549106993102043   0.04752669194124226   0.6446207972625023   0.03794402008126496
0.24549106993102043   0.04752669194124226   0.6485572553873384   0.031208511197904576
0.24549106993102043   0.04752669194124226   0.6485572553873384   0.034601953755491466
0.18222086627980383   0.04752669194124226   0.7113288164421439   0.032911387477013165
0.24549106993102043   0.04752669194124226   0.6485572553873384   0.043087342499423364
0.24549106993102043   0.04752669194124226   0.600885369206272   0.034601953755491466
0.24549106993102043   0.04752669194124226   0.6485572553873384   0.029522996562071135
0.24549106993102043   0.04752669194124226   0.6485572553873384   0.04334326664762478
0.24549106993102043   0.04752669194124226   0.6485572553873384   0.03484468601387114
0.24549106993102043   0.04752669194124226   0.6485572553873384   0.03565703691968136
0.24549106993102043   0.04752669194124226   0.6485572553873384   0.03375200596761663
0.24549106993102043   0.04752669194124226   0.6485572553873384   0.031980337912842716
0.24549106993102043   0.04752669194124226   0.6485572553873384   0.041935924141140224
0.2171283847109745   0.04752669194124226   0.6485572553873384   0.031208511197904576
0.24549106993102043   0.04752669194124226   0.6485572553873384   0.034601953755491466
0.24549106993102043   0.04752669194124226   0.6485572553873384   0.031208511197904576
0.021403350382035335   0.26913049413520795   0.6485572553873384   0.04052428988432333
0.24549106993102043   0.04752669194124226   0.6485572553873384   0.04052428988432333
0.24549106993102043   0.04752669194124226   0.6485572553873384   0.03976253764960347
0.24549106993102043   0.04752669194124226   0.6485572553873384   0.032911387477013165
0.24549106993102043   0.04752669194124226   0.6485572553873384   0.043087342499423364
0.24549106993102043   0.04752669194124226   0.6485572553873384   0.03565703691968136
0.22733352233417747   0.04752669194124226   0.6485572553873384   0.034601953755491466
0.24549106993102043   0.04752669194124226   0.6485572553873384   0.032911387477013165
0.24549106993102043   0.04752669194124226   0.6485572553873384   0.043087342499423364
0.24549106993102043   0.04752669194124226   0.6485572553873384   0.031208511197904576
0.24549106993102043   0.04752669194124226   0.6485572553873384   0.029522996562071135
0.24549106993102043   0.04752669194124226   0.6485572553873384   0.043087342499423364
0.24549106993102043   0.04752669194124226   0.6485572553873384   0.03375200596761663
0.24549106993102043   0.04752669194124226   0.6485572553873384   0.04052428988432333
0.24549106993102043   0.04752669194124226   0.6485572553873384   0.04334326664762478
0.24549106993102043   0.04752669194124226   0.5039324233842603   0.04052428988432333
0.24549106993102043   0.04752669194124226   0.6485572553873384   0.03904009104810169
0.24549106993102043   0.04752669194124226   0.6485572553873384   0.04010418745667543
0.24549106993102043   0.04752669194124226   0.6485572553873384   0.04052428988432333
0.24549106993102043   0.04752669194124226   0.6485572553873384   0.03565703691968136
0.24549106993102043   0.04752669194124226   0.6485572553873384   0.032911387477013165
0.24549106993102043   0.04752669194124226   0.6485572553873384   0.041101364570433896
0.11812894394547169   0.14208112230673053   0.5967185333285253   0.038070314127779836
0.24549106993102043   0.04752669194124226   0.6485572553873384   0.0369419575159351
0.24549106993102043   0.04752669194124226   0.6485572553873384   0.031208511197904576
0.18449420510894754   0.04752669194124226   0.6485572553873384   0.029522996562071135
0.24549106993102043   0.04752669194124226   0.6485572553873384   0.03976253764960347
0.24549106993102043   0.04752669194124226   0.6485572553873384   0.043087342499423364
0.24549106993102043   0.04752669194124226   0.6485572553873384   0.03794402008126496
0.24549106993102043   0.04752669194124226   0.6485572553873384   0.032911387477013165
0.24549106993102043   0.04752669194124226   0.6485572553873384   0.04019896470756046
0.24549106993102043   0.04752669194124226   0.6485572553873384   0.043087342499423364
0.24549106993102043   0.04752669194124226   0.6485572553873384   0.031208511197904576
0.24549106993102043   0.04752669194124226   0.6485572553873384   0.031980337912842716
0.24549106993102043   0.04752669194124226   0.6485572553873384   0.043087342499423364
0.24549106993102043   0.04752669194124226   0.6485572553873384   0.031980337912842716
0.24549106993102043   0.04752669194124226   0.6485572553873384   0.04010418745667543
0.24549106993102043   0.04752669194124226   0.6485572553873384   0.043087342499423364
0.24549106993102043   0.04752669194124226   0.6485572553873384   0.03976253764960347
0.24549106993102043   0.04752669194124226   0.6485572553873384   0.03375200596761663
0.24549106993102043   0.04752669194124226   0.6485572553873384   0.041935924141140224
0.24549106993102043   0.04752669194124226   0.6485572553873384   0.03375200596761663
0.24549106993102043   0.04752669194124226   0.5696588207973007   0.03484468601387114
0.24549106993102043   0.04752669194124226   0.5039324233842603   0.04052428988432333
0.24549106993102043   0.0007777614795765331   0.6485572553873384   0.031208511197904576
0.24549106993102043   0.04752669194124226   0.6485572553873384   0.03134319294867105
0.24549106993102043   0.04752669194124226   0.6485572553873384   0.034601953755491466
0.24549106993102043   0.04752669194124226   0.6485572553873384   0.03794402008126496
0.24549106993102043   0.04752669194124226   0.6485572553873384   0.03375200596761663
0.2561230284622802   0.04752669194124226   0.6485572553873384   0.04052428988432333
0.24549106993102043   0.04752669194124226   0.6485572553873384   0.041935924141140224
0.24549106993102043   0.04752669194124226   0.6485572553873384   0.04334326664762478
0.24549106993102043   0.04752669194124226   0.6485572553873384   0.029522996562071135
0.24549106993102043   0.04752669194124226   0.6485572553873384   0.029522996562071135
0.24549106993102043   0.04752669194124226   0.6485572553873384   0.034601953755491466
0.24549106993102043   0.04752669194124226   0.6485572553873384   0.041935924141140224
0.24549106993102043   0.04752669194124226   0.6485572553873384   0.04019896470756046
0.24549106993102043   0.04752669194124226   0.6485572553873384   0.03484468601387114
0.24549106993102043   0.04752669194124226   0.6485572553873384   0.04052428988432333
0.24549106993102043   0.04752669194124226   0.6485572553873384   0.041101364570433896
0.24549106993102043   0.04752669194124226   0.6485572553873384   0.031208511197904576
0.24549106993102043   0.04752669194124226   0.6485572553873384   0.032911387477013165
0.24549106993102043   0.0007777614795765331   0.6485572553873384   0.031208511197904576
0.24549106993102043   0.04752669194124226   0.6485572553873384   0.03134319294867105
0.24549106993102043   0.04752669194124226   0.6485572553873384   0.03904009104810169
0.24549106993102043   0.04752669194124226   0.6485572553873384   0.041101364570433896
0.18222086627980383   0.04752669194124226   0.7113288164421439   0.032911387477013165
0.24549106993102043   0.04752669194124226   0.6485572553873384   0.031208511197904576
0.24549106993102043   0.04752669194124226   0.6485572553873384   0.04010418745667543
0.24549106993102043   0.04752669194124226   0.6485572553873384   0.03904009104810169
0.24549106993102043   0.04752669194124226   0.6485572553873384   0.031082037702979237
0.24549106993102043   0.04752669194124226   0.6485572553873384   0.032911387477013165
0.24549106993102043   0.04752669194124226   0.6485572553873384   0.03565703691968136
0.24549106993102043   0.04752669194124226   0.6485572553873384   0.04052428988432333
0.24549106993102043   0.04752669194124226   0.5133892407062753   0.0421369263315845
0.24549106993102043   0.04752669194124226   0.6485572553873384   0.04052428988432333
0.24549106993102043   0.04752669194124226   0.6485572553873384   0.04052428988432333
0.18449420510894754   0.04752669194124226   0.6485572553873384   0.029522996562071135
0.24549106993102043   0.04752669194124226   0.6485572553873384   0.03134319294867105
0.24549106993102043   0.04752669194124226   0.6485572553873384   0.0421369263315845
0.24549106993102043   0.04752669194124226   0.6485572553873384   0.03976253764960347
0.24549106993102043   0.04752669194124226   0.6485572553873384   0.03794402008126496
0.24549106993102043   0.04752669194124226   0.6485572553873384   0.04019896470756046
0.24549106993102043   0.04752669194124226   0.6485572553873384   0.04052428988432333
0.24549106993102043   0.04752669194124226   0.6485572553873384   0.032911387477013165
0.24549106993102043   0.04752669194124226   0.6485572553873384   0.03904009104810169
0.24549106993102043   0.04752669194124226   0.6485572553873384   0.043087342499423364
0.24549106993102043   0.04752669194124226   0.6485572553873384   0.03484468601387114
0.24549106993102043   0.04752669194124226   0.6485572553873384   0.03976253764960347
0.24549106993102043   0.04752669194124226   0.6485572553873384   0.031208511197904576
0.24549106993102043   0.04752669194124226   0.6485572553873384   0.03134319294867105
0.24549106993102043   0.04752669194124226   0.6485572553873384   0.04019896470756046
0.24549106993102043   0.04752669194124226   0.6485572553873384   0.04052428988432333
0.24549106993102043   0.04752669194124226   0.6485572553873384   0.04052428988432333
0.24549106993102043   0.04752669194124226   0.6485572553873384   0.041101364570433896
0.24549106993102043   0.04752669194124226   0.6485572553873384   0.04010418745667543
0.24549106993102043   0.04752669194124226   0.6485572553873384   0.04010418745667543
0.24549106993102043   0.04752669194124226   0.6485572553873384   0.031980337912842716
0.24549106993102043   0.04752669194124226   0.6485572553873384   0.043087342499423364
0.24549106993102043   0.04752669194124226   0.6515161563451617   0.03565703691968136
0.24549106993102043   0.04752669194124226   0.6647361081290996   0.034601953755491466
0.24549106993102043   0.04752669194124226   0.5942148666895203   0.04010418745667543
0.24549106993102043   0.04752669194124226   0.6436889913787065   0.03134319294867105
0.24549106993102043   0.04752669194124226   0.5329914904509285   0.029522996562071135
0.2976338098942819   0.0007777614795765331   0.6485572553873384   0.031208511197904576
0.20326210349596785   0.04752669194124226   0.6485572553873384   0.03134319294867105
0.24549106993102043   0.04752669194124226   0.5324121818377686   0.0421369263315845
0.24549106993102043   0.04752669194124226   0.6485572553873384   0.04292001518123323
0.1931652577883698   0.04752669194124226   0.6753205341656724   0.03375200596761663
0.23296891496310124   0.04752669194124226   0.6485572553873384   0.031980337912842716
0.24549106993102043   0.04752669194124226   0.6323934147656817   0.029522996562071135
0.11812894394547169   0.17441585404456528   0.6485572553873384   0.031208511197904576
0.24549106993102043   0.04752669194124226   0.5847732514210502   0.043087342499423364
0.24549106993102043   0.04752669194124226   0.5722989006778793   0.0421369263315845
0.24549106993102043   0.04752669194124226   0.6575320047917265   0.043087342499423364
0.23656129610574284   0.04752669194124226   0.6485572553873384   0.03976253764960347
0.24549106993102043   0.04752669194124226   0.5420145225478646   0.031208511197904576
0.29528321999875373   0.013479053553452913   0.6485572553873384   0.03904009104810169
0.24549106993102043   0.04752669194124226   0.6260557257187136   0.043087342499423364
0.24549106993102043   0.04752669194124226   0.5744117892196535   0.043087342499423364
0.16737328828636588   0.04752669194124226   0.6195671210271301   0.029522996562071135
0.24549106993102043   0.04752669194124226   0.6344279331934461   0.043087342499423364
0.2635603403151613   0.04752669194124226   0.6485572553873384   0.031208511197904576
0.24549106993102043   0.04752669194124226   0.5752022370723052   0.043087342499423364
0.2370207063142994   0.04752669194124226   0.5813600024098657   0.032911387477013165
0.24549106993102043   0.04752669194124226   0.6377672506837113   0.043087342499423364
0.24549106993102043   0.04752669194124226   0.6515136791291476   0.043087342499423364
0.24549106993102043   0.04752669194124226   0.531264801904291   0.0421369263315845
0.28363963525576064   0.04752669194124226   0.5156531735733899   0.043087342499423364
0.24549106993102043   0.04752669194124226   0.6326218300204142   0.043087342499423364
0.20182333449232814   0.08777649055077608   0.6485572553873384   0.034601953755491466
0.2370207063142994   0.04752669194124226   0.5965779252103348   0.032911387477013165
0.24549106993102043   0.04752669194124226   0.5309218930818651   0.032911387477013165
0.24549106993102043   0.024914230723878217   0.6195671210271301   0.029522996562071135
0.28363963525576064   0.04752669194124226   0.5880378884278973   0.043087342499423364
0.24549106993102043   0.04752669194124226   0.6082706654983829   0.043087342499423364
0.16843732769215747   0.04752669194124226   0.6195671210271301   0.029522996562071135
0.24549106993102043   0.04752669194124226   0.6546770440449574   0.032911387477013165
0.18737277170726174   0.08777649055077608   0.6485572553873384   0.034601953755491466
0.24549106993102043   0.04752669194124226   0.6482834369370856   0.043087342499423364
0.24549106993102043   0.04752669194124226   0.6485572553873384   0.04119400660309491
0.24549106993102043   0.04752669194124226   0.5057084953123574   0.0421369263315845
0.19939313462830344   0.04752669194124226   0.6485572553873384   0.031208511197904576
0.24549106993102043   0.04752669194124226   0.6388888845422181   0.043087342499423364
0.199148906250058   0.04752669194124226   0.6848095580408967   0.03075296138322381
0.19631671809461848   0.04752669194124226   0.6195671210271301   0.029522996562071135
0.24549106993102043   0.04752669194124226   0.6102479869447787   0.043087342499423364
0.2370207063142994   0.04752669194124226   0.6756822189207834   0.032911387477013165
0.24328194480594612   0.04752669194124226   0.6485572553873384   0.04334326664762478
0.24549106993102043   0.04752669194124226   0.5514308313054315   0.0421369263315845
0.17172726729427334   0.04752669194124226   0.6485572553873384   0.031208511197904576
0.24549106993102043   0.04752669194124226   0.5983432120364357   0.043087342499423364
0.24549106993102043   0.04752669194124226   0.5368687806859435   0.043087342499423364
0.24549106993102043   0.04752669194124226   0.5576490489724553   0.043087342499423364
0.24549106993102043   0.04752669194124226   0.5538136267544127   0.0421369263315845
0.24549106993102043   0.04752669194124226   0.5663775973201487   0.043087342499423364
0.24549106993102043   0.04752669194124226   0.6638469276950681   0.032911387477013165
0.25890698960137437   0.04752669194124226   0.6485572553873384   0.04334326664762478
0.24549106993102043   0.04752669194124226   0.5026326703313172   0.043087342499423364
0.24549106993102043   0.04752669194124226   0.6176282220016576   0.0421369263315845
0.29528321999875373   0.0042750897725969406   0.6485572553873384   0.03904009104810169
0.24549106993102043   0.04752669194124226   0.5716631012066158   0.043087342499423364
0.19947909782374007   0.08777649055077608   0.6485572553873384   0.034601953755491466
0.28363963525576064   0.04752669194124226   0.6185090618088686   0.043087342499423364
0.24549106993102043   0.04752669194124226   0.6485572553873384   0.040340508743952896
0.24549106993102043   0.04752669194124226   0.5968973040567405   0.043087342499423364
0.24549106993102043   0.04752669194124226   0.6167832747179794   0.043087342499423364
0.28363963525576064   0.04752669194124226   0.5445947846912371   0.043087342499423364
0.24549106993102043   0.04752669194124226   0.6245911692717798   0.043087342499423364
0.18931330251888945   0.04752669194124226   0.6195671210271301   0.029522996562071135
0.24549106993102043   0.04752669194124226   0.6304429460309758   0.0421369263315845
0.23928075315292563   0.04752669194124226   0.6485572553873384   0.03794402008126496
0.24549106993102043   0.04752669194124226   0.5391521656560321   0.043087342499423364
0.24549106993102043   0.04752669194124226   0.5012953529373237   0.043087342499423364
0.18684155611613562   0.04752669194124226   0.6753205341656724   0.03375200596761663
0.28363963525576064   0.04752669194124226   0.5983243126746034   0.043087342499423364
0.181016068300764   0.08777649055077608   0.6485572553873384   0.034601953755491466
0.24549106993102043   0.04752669194124226   0.6493532988355121   0.043087342499423364
0.2562275404040004   0.04752669194124226   0.6485572553873384   0.04334326664762478
0.24549106993102043   0.04752669194124226   0.5869781772641905   0.0421369263315845
0.28363963525576064   0.04752669194124226   0.5484927749396046   0.043087342499423364
0.24549106993102043   0.04752669194124226   0.5222419256055454   0.032911387477013165
0.24549106993102043   0.04752669194124226   0.525062558281158   0.0421369263315845
0.24549106993102043   0.04752669194124226   0.5256363556695236   0.043087342499423364
0.21199634262588962   0.04752669194124226   0.6195671210271301   0.029522996562071135
0.2326959975079953   0.04752669194124226   0.6485572553873384   0.041935924141140224
0.24549106993102043   0.04752669194124226   0.6497894641830403   0.043087342499423364
0.24549106993102043   0.04752669194124226   0.6694640969168703   0.032911387477013165
0.28363963525576064   0.019461441746659314   0.6485572553873384   0.04334326664762478
0.24549106993102043   0.04752669194124226   0.5587303605773049   0.043087342499423364
0.24549106993102043   0.04752669194124226   0.5543253852890536   0.043087342499423364
0.24549106993102043   0.04752669194124226   0.6224331705004416   0.0421369263315845
0.24549106993102043   0.04752669194124226   0.5237863528537251   0.043087342499423364
0.19543835083611716   0.04752669194124226   0.6195671210271301   0.029522996562071135
0.2589938328886572   0.04752669194124226   0.6485572553873384   0.03794402008126496
0.24549106993102043   0.04752669194124226   0.5747448150055088   0.043087342499423364
0.14754896663505357   0.08777649055077608   0.6485572553873384   0.034601953755491466
0.24549106993102043   0.04752669194124226   0.6561759703172336   0.043087342499423364
0.28363963525576064   0.021154863932019263   0.6485572553873384   0.04334326664762478
0.24549106993102043   0.04752669194124226   0.5986625352028259   0.043087342499423364
0.24549106993102043   0.010677181358379473   0.6195671210271301   0.029522996562071135
0.24549106993102043   0.04752669194124226   0.5119209186184517   0.043087342499423364
0.2370207063142994   0.04752669194124226   0.6002922066757251   0.032911387477013165
0.24683553013830672   0.04752669194124226   0.6485572553873384   0.04334326664762478
0.24251296174188564   0.04752669194124226   0.6753205341656724   0.03375200596761663
0.24549106993102043   0.050326972285099636   0.6485572553873384   0.04334326664762478
0.24549106993102043   0.04752669194124226   0.5303520544804008   0.043087342499423364
0.24549106993102043   0.04752669194124226   0.5352083948759616   0.043087342499423364
0.2370207063142994   0.04752669194124226   0.5081442292943987   0.032911387477013165
0.24746427053395914   0.04752669194124226   0.6485572553873384   0.04334326664762478
0.24549106993102043   0.04752669194124226   0.5136832337458102   0.032911387477013165
0.20801558440433654   0.04752669194124226   0.6195671210271301   0.029522996562071135
0.24549106993102043   0.04752669194124226   0.6485572553873384   0.041935924141140224
0.24549106993102043   0.04752669194124226   0.5420145225478646   0.031208511197904576
0.24549106993102043   0.04752669194124226   0.6485572553873384   0.031208511197904576
0.24549106993102043   0.04752669194124226   0.6446207972625023   0.03794402008126496
0.18931330251888945   0.04752669194124226   0.6195671210271301   0.029522996562071135
0.24549106993102043   0.04752669194124226   0.6485572553873384   0.03375200596761663
0.24549106993102043   0.04752669194124226   0.6485572553873384   0.03904009104810169
0.24549106993102043   0.04752669194124226   0.6485572553873384   0.032911387477013165
0.24549106993102043   0.04752669194124226   0.6485572553873384   0.04052428988432333
0.24549106993102043   0.04752669194124226   0.6485572553873384   0.034601953755491466
0.24549106993102043   0.04752669194124226   0.5696588207973007   0.03484468601387114
0.24549106993102043   0.04752669194124226   0.6485572553873384   0.029522996562071135
0.22733352233417747   0.04752669194124226   0.6485572553873384   0.034601953755491466
0.24549106993102043   0.04752669194124226   0.6485572553873384   0.04010418745667543
0.24549106993102043   0.04752669194124226   0.6485572553873384   0.032911387477013165
0.24549106993102043   0.04752669194124226   0.6485572553873384   0.03976253764960347
0.24549106993102043   0.04752669194124226   0.6485572553873384   0.04052428988432333
0.24549106993102043   0.04752669194124226   0.6485572553873384   0.041935924141140224
0.22733352233417747   0.04752669194124226   0.6485572553873384   0.034601953755491466
0.24549106993102043   0.04752669194124226   0.5026326703313172   0.043087342499423364
0.24549106993102043   0.04752669194124226   0.6485572553873384   0.03976253764960347
0.24549106993102043   0.04752669194124226   0.6485572553873384   0.03976253764960347
0.24549106993102043   0.04752669194124226   0.6485572553873384   0.043087342499423364
0.24549106993102043   0.04752669194124226   0.5538136267544127   0.0421369263315845
0.24549106993102043   0.04752669194124226   0.6485572553873384   0.031208511197904576
0.21199634262588962   0.04752669194124226   0.6195671210271301   0.029522996562071135
0.24549106993102043   0.04752669194124226   0.6485572553873384   0.032911387477013165
0.28363963525576064   0.04752669194124226   0.6185090618088686   0.043087342499423364
0.24549106993102043   0.04752669194124226   0.6485572553873384   0.04334326664762478
0.21413426575476846   0.04752669194124226   0.6485572553873384   0.029522996562071135
0.24549106993102043   0.04752669194124226   0.5942148666895203   0.04010418745667543
0.24549106993102043   0.04752669194124226   0.6485572553873384   0.031208511197904576
0.24549106993102043   0.04752669194124226   0.6485572553873384   0.031208511197904576
0.24549106993102043   0.04752669194124226   0.6485572553873384   0.032911387477013165
0.19293197618060887   0.04752669194124226   0.6485572553873384   0.03484468601387114
0.24549106993102043   0.04752669194124226   0.6485572553873384   0.032911387477013165
0.2171283847109745   0.04752669194124226   0.6485572553873384   0.031208511197904576
0.28363963525576064   0.04752669194124226   0.5445947846912371   0.043087342499423364
0.24549106993102043   0.04752669194124226   0.6485572553873384   0.0369419575159351
0.2326959975079953   0.04752669194124226   0.6485572553873384   0.041935924141140224
0.24549106993102043   0.06350211748166767   0.5967185333285253   0.038070314127779836
0.24549106993102043   0.04752669194124226   0.6485572553873384   0.032911387477013165
0.24549106993102043   0.04752669194124226   0.6485572553873384   0.043087342499423364
0.24549106993102043   0.04752669194124226   0.6485572553873384   0.031208511197904576
0.24549106993102043   0.04752669194124226   0.6485572553873384   0.029522996562071135
0.24549106993102043   0.04752669194124226   0.6485572553873384   0.04010418745667543
0.24549106993102043   0.04752669194124226   0.6485572553873384   0.04019896470756046
0.24549106993102043   0.04752669194124226   0.6485572553873384   0.03976253764960347
0.24549106993102043   0.04752669194124226   0.6485572553873384   0.04052428988432333
0.24549106993102043   0.04752669194124226   0.5303520544804008   0.043087342499423364
0.24549106993102043   0.04752669194124226   0.6485572553873384   0.04334326664762478
0.24549106993102043   0.04752669194124226   0.6485572553873384   0.04052428988432333
0.24549106993102043   0.04752669194124226   0.6485572553873384   0.029522996562071135
0.24549106993102043   0.04752669194124226   0.6485572553873384   0.031980337912842716
0.24549106993102043   0.04752669194124226   0.6485572553873384   0.032911387477013165
0.24549106993102043   0.04752669194124226   0.6485572553873384   0.03794402008126496
0.24549106993102043   0.04752669194124226   0.6638469276950681   0.032911387477013165
0.24549106993102043   0.04752669194124226   0.6485572553873384   0.03134319294867105
0.24549106993102043   0.04752669194124226   0.6485572553873384   0.031082037702979237
0.24549106993102043   0.04752669194124226   0.6485572553873384   0.03565703691968136
0.11812894394547169   0.14208112230673053   0.5967185333285253   0.038070314127779836
0.24549106993102043   0.04752669194124226   0.6485572553873384   0.043087342499423364
0.24549106993102043   0.04752669194124226   0.6485572553873384   0.041935924141140224
0.24549106993102043   0.04752669194124226   0.6485572553873384   0.03565703691968136
0.24549106993102043   0.04752669194124226   0.6485572553873384   0.04119400660309491
0.24549106993102043   0.04752669194124226   0.6485572553873384   0.031980337912842716
0.24549106993102043   0.04752669194124226   0.531264801904291   0.0421369263315845
0.24549106993102043   0.04752669194124226   0.6485572553873384   0.04052428988432333
0.24549106993102043   0.04752669194124226   0.6377672506837113   0.043087342499423364
0.24549106993102043   0.04752669194124226   0.6485572553873384   0.043087342499423364
0.24549106993102043   0.04752669194124226   0.6485572553873384   0.031980337912842716
0.24549106993102043   0.04752669194124226   0.6485572553873384   0.03565703691968136
0.24549106993102043   0.04752669194124226   0.6485572553873384   0.031980337912842716
0.24549106993102043   0.04752669194124226   0.6485572553873384   0.04052428988432333
0.24549106993102043   0.04752669194124226   0.5039324233842603   0.04052428988432333
0.24549106993102043   0.04752669194124226   0.6485572553873384   0.03976253764960347
0.2370207063142994   0.04752669194124226   0.5965779252103348   0.032911387477013165
0.11812894394547169   0.14208112230673053   0.5967185333285253   0.038070314127779836
0.24549106993102043   0.04752669194124226   0.6485572553873384   0.03794402008126496
0.24549106993102043   0.04752669194124226   0.6485572553873384   0.031208511197904576
0.2589938328886572   0.04752669194124226   0.6485572553873384   0.03794402008126496
0.24549106993102043   0.04752669194124226   0.6485572553873384   0.043087342499423364
0.24549106993102043   0.04752669194124226   0.6485572553873384   0.029522996562071135
0.24549106993102043   0.04752669194124226   0.6485572553873384   0.041935924141140224
0.24549106993102043   0.04752669194124226   0.6485572553873384   0.03976253764960347
0.24549106993102043   0.04752669194124226   0.6485572553873384   0.04010418745667543
0.24549106993102043   0.04752669194124226   0.6485572553873384   0.029522996562071135
0.24549106993102043   0.04752669194124226   0.6485572553873384   0.04334326664762478
0.24549106993102043   0.04752669194124226   0.6485572553873384   0.043087342499423364
0.28363963525576064   0.021154863932019263   0.6485572553873384   0.04334326664762478
0.24549106993102043   0.04752669194124226   0.6485572553873384   0.03976253764960347
0.24549106993102043   0.04752669194124226   0.6485572553873384   0.03134319294867105
0.24549106993102043   0.04752669194124226   0.5012953529373237   0.043087342499423364
0.199148906250058   0.04752669194124226   0.6848095580408967   0.03075296138322381
0.24549106993102043   0.04752669194124226   0.6485572553873384   0.043087342499423364
0.24549106993102043   0.04752669194124226   0.6485572553873384   0.03375200596761663
0.24549106993102043   0.04752669194124226   0.6485572553873384   0.041935924141140224
0.24549106993102043   0.04752669194124226   0.6485572553873384   0.041935924141140224
0.24549106993102043   0.04752669194124226   0.6485572553873384   0.03375200596761663
0.24549106993102043   0.04752669194124226   0.6485572553873384   0.03565703691968136
0.11812894394547169   0.14208112230673053   0.5967185333285253   0.038070314127779836
0.24549106993102043   0.04752669194124226   0.6485572553873384   0.034601953755491466
0.24549106993102043   0.04752669194124226   0.580481336546608   0.03134319294867105
0.24549106993102043   0.04752669194124226   0.6485572553873384   0.03976253764960347
0.24746427053395914   0.04752669194124226   0.6485572553873384   0.04334326664762478
0.24549106993102043   0.04752669194124226   0.5222419256055454   0.032911387477013165
0.24549106993102043   0.04752669194124226   0.6485572553873384   0.031208511197904576
0.24549106993102043   0.04752669194124226   0.6485572553873384   0.032911387477013165
0.24549106993102043   0.04752669194124226   0.6485572553873384   0.040340508743952896
0.24549106993102043   0.04752669194124226   0.6388888845422181   0.043087342499423364
0.24549106993102043   0.04752669194124226   0.6485572553873384   0.043087342499423364
0.24549106993102043   0.04752669194124226   0.6176282220016576   0.0421369263315845
0.24549106993102043   0.04752669194124226   0.6485572553873384   0.03565703691968136
0.18449420510894754   0.04752669194124226   0.6485572553873384   0.029522996562071135
0.25485993512174465   0.04752669194124226   0.6485572553873384   0.03565703691968136
0.24549106993102043   0.04752669194124226   0.6485572553873384   0.031980337912842716
0.25890698960137437   0.04752669194124226   0.6485572553873384   0.04334326664762478
0.24549106993102043   0.04752669194124226   0.531264801904291   0.0421369263315845
0.24549106993102043   0.04752669194124226   0.6485572553873384   0.03976253764960347
0.24549106993102043   0.04752669194124226   0.6485572553873384   0.03375200596761663
0.24549106993102043   0.04752669194124226   0.6485572553873384   0.03976253764960347
0.24549106993102043   0.04752669194124226   0.6485572553873384   0.031980337912842716
0.24549106993102043   0.04752669194124226   0.6485572553873384   0.03976253764960347
0.24549106993102043   0.04752669194124226   0.6485572553873384   0.031980337912842716
0.24549106993102043   0.04752669194124226   0.6485572553873384   0.03375200596761663
0.2370207063142994   0.04752669194124226   0.5081442292943987   0.032911387477013165
0.24549106993102043   0.04752669194124226   0.6485572553873384   0.0421369263315845
0.24549106993102043   0.04752669194124226   0.6485572553873384   0.03484468601387114
0.24549106993102043   0.04752669194124226   0.6485572553873384   0.032911387477013165
0.24549106993102043   0.04752669194124226   0.6485572553873384   0.03976253764960347
0.24549106993102043   0.04752669194124226   0.6485572553873384   0.041935924141140224
0.23858485037114274   0.04752669194124226   0.6485572553873384   0.03134319294867105
0.24549106993102043   0.04752669194124226   0.6485572553873384   0.031208511197904576
0.28363963525576064   0.04752669194124226   0.5484927749396046   0.043087342499423364
0.24549106993102043   0.04752669194124226   0.6485572553873384   0.043087342499423364
0.24549106993102043   0.04752669194124226   0.6485572553873384   0.031980337912842716
0.24549106993102043   0.04752669194124226   0.6485572553873384   0.031980337912842716
0.24549106993102043   0.04752669194124226   0.6485572553873384   0.03375200596761663
0.15973483338453465   0.14208112230673053   0.5967185333285253   0.038070314127779836
0.24549106993102043   0.04752669194124226   0.6485572553873384   0.0421369263315845
0.24549106993102043   0.04752669194124226   0.6485572553873384   0.041935924141140224
0.24549106993102043   0.04752669194124226   0.6485572553873384   0.04334326664762478
0.18449420510894754   0.04752669194124226   0.6485572553873384   0.029522996562071135
0.24549106993102043   0.04752669194124226   0.6485572553873384   0.031208511197904576
0.24549106993102043   0.04752669194124226   0.6082706654983829   0.043087342499423364
0.24549106993102043   0.04752669194124226   0.6485572553873384   0.043087342499423364
0.24549106993102043   0.04752669194124226   0.6388888845422181   0.043087342499423364
0.24549106993102043   0.04752669194124226   0.6485572553873384   0.041935924141140224
0.24549106993102043   0.04752669194124226   0.6485572553873384   0.04010418745667543
0.24549106993102043   0.04752669194124226   0.6485572553873384   0.034601953755491466
0.22170364806868736   0.04752669194124226   0.6485572553873384   0.034601953755491466
0.24549106993102043   0.04752669194124226   0.556332070064074   0.031208511197904576
0.24549106993102043   0.04752669194124226   0.582903042399095   0.043087342499423364
0.24549106993102043   0.1080849429726235   0.5967185333285253   0.038070314127779836
0.24549106993102043   0.04752669194124226   0.5667235750909555   0.03565703691968136
0.24549106993102043   0.04752669194124226   0.6376623098026637   0.03976253764960347
0.24049082351801632   0.04752669194124226   0.6485572553873384   0.032911387477013165
0.23858485037114274   0.04752669194124226   0.5057882039221027   0.031208511197904576
0.24549106993102043   0.04752669194124226   0.6083609861819231   0.031980337912842716
0.24549106993102043   0.010554616391924232   0.6485572553873384   0.034601953755491466
0.24549106993102043   0.04958349932800832   0.6485572553873384   0.032911387477013165
0.24549106993102043   0.04752669194124226   0.5816009580288451   0.043087342499423364
0.11812894394547169   0.13438535877859714   0.580481336546608   0.03134319294867105
0.2513792043027402   0.04752669194124226   0.6614166864479826   0.03794402008126496
0.24549106993102043   0.04752669194124226   0.5996773803583815   0.031980337912842716
0.12239233922799364   0.14208112230673053   0.5967185333285253   0.038070314127779836
0.24549106993102043   0.04752669194124226   0.568092274214679   0.029522996562071135
0.24062718286624352   0.04752669194124226   0.6756548273306733   0.03134319294867105
0.24549106993102043   0.04752669194124226   0.6339712355397953   0.029522996562071135
0.23327249953142737   0.04752669194124226   0.6485572553873384   0.031082037702979237
0.24549106993102043   0.024888814372347134   0.6485572553873384   0.03375200596761663
0.23236633982910826   0.04752669194124226   0.6614166864479826   0.03794402008126496
0.18449420510894754   0.16980602557741153   0.5983934185650959   0.041935924141140224
0.2838300269326933   0.028451037886836228   0.6185090618088686   0.043087342499423364
0.17022340508100742   0.04752669194124226   0.7120527239855856   0.031980337912842716
0.24062718286624352   0.04752669194124226   0.5011368678458205   0.03134319294867105
0.24549106993102043   0.04752669194124226   0.5697924576865643   0.029522996562071135
0.18449420510894754   0.1637748877409808   0.5044977739578096   0.043087342499423364
0.27584590607783765   0.04752669194124226   0.572000484269788   0.03976253764960347
0.24549106993102043   0.04752669194124226   0.653453492700246   0.031980337912842716
0.13865734565892218   0.04752669194124226   0.6485572553873384   0.020062358577254913
0.15780148665070037   0.04752669194124226   0.6485572553873384   0.027375604763346884
0.24549106993102043   0.04752669194124226   0.5668484952758943   0.029522996562071135
0.2631430084059522   0.03192921727299991   0.580481336546608   0.03134319294867105
0.24549106993102043   0.04752669194124226   0.5667939535209373   0.043087342499423364
0.25062975174841184   0.04752669194124226   0.6485572553873384   0.03375200596761663
0.24549106993102043   0.05874819775286   0.6208158662086817   0.034048777939972075
0.26150076351536977   0.04752669194124226   0.6485572553873384   0.03540589967624774
0.24549106993102043   0.04752669194124226   0.5148094706750665   0.03375200596761663
0.24549106993102043   0.04752669194124226   0.6400580978822824   0.031980337912842716
0.24549106993102043   0.04752669194124226   0.5625943230977275   0.029522996562071135
0.24549106993102043   0.04752669194124226   0.6420429767336959   0.031980337912842716
0.27584590607783765   0.04752669194124226   0.5915920666067542   0.03976253764960347
0.24549106993102043   0.08649818148876809   0.6189737692845015   0.04052428988432333
0.24549106993102043   0.04752669194124226   0.6546131540130866   0.043087342499423364
0.24549106993102043   0.04752669194124226   0.5839938704502883   0.031980337912842716
0.24549106993102043   0.04752669194124226   0.6373334912777248   0.029522996562071135
0.09368034505604916   0.04752669194124226   0.6485572553873384   0.020062358577254913
0.2838300269326933   0.05119227242640989   0.6185090618088686   0.043087342499423364
0.20869806174644767   0.04752669194124226   0.6485572553873384   0.027375604763346884
0.24549106993102043   0.04752669194124226   0.6391004182729343   0.029522996562071135
0.23393626443200832   0.03192921727299991   0.580481336546608   0.03134319294867105
0.199148906250058   0.07907212744856618   0.6485572553873384   0.03976253764960347
0.1876473655841726   0.04752669194124226   0.6485572553873384   0.027375604763346884
0.24549106993102043   0.04752669194124226   0.6103528951619543   0.031980337912842716
0.24549106993102043   0.04752669194124226   0.6485572553873384   0.041935924141140224
0.24549106993102043   0.04752669194124226   0.5420145225478646   0.031208511197904576
0.24549106993102043   0.04752669194124226   0.6485572553873384   0.031208511197904576
0.24549106993102043   0.04752669194124226   0.6485572553873384   0.031208511197904576
0.24549106993102043   0.04752669194124226   0.6446207972625023   0.03794402008126496
0.24549106993102043   0.04752669194124226   0.6485572553873384   0.03565703691968136
0.18931330251888945   0.04752669194124226   0.6195671210271301   0.029522996562071135
0.24549106993102043   0.04752669194124226   0.5625943230977275   0.029522996562071135
0.24549106993102043   0.04752669194124226   0.6485572553873384   0.03375200596761663
0.24549106993102043   0.04752669194124226   0.6485572553873384   0.031208511197904576
0.24549106993102043   0.04752669194124226   0.6485572553873384   0.032911387477013165
0.24549106993102043   0.04752669194124226   0.6485572553873384   0.03904009104810169
0.24549106993102043   0.04752669194124226   0.6485572553873384   0.032911387477013165
0.24549106993102043   0.04752669194124226   0.6485572553873384   0.031980337912842716
0.24549106993102043   0.04752669194124226   0.6485572553873384   0.04052428988432333
0.24549106993102043   0.04752669194124226   0.6485572553873384   0.034601953755491466
0.24549106993102043   0.04752669194124226   0.5696588207973007   0.03484468601387114
0.24549106993102043   0.04752669194124226   0.6485572553873384   0.029522996562071135
0.22733352233417747   0.04752669194124226   0.6485572553873384   0.034601953755491466
0.24549106993102043   0.04752669194124226   0.6485572553873384   0.04010418745667543
0.24549106993102043   0.04752669194124226   0.6485572553873384   0.032911387477013165
0.24549106993102043   0.04752669194124226   0.6485572553873384   0.03976253764960347
0.24549106993102043   0.04752669194124226   0.6485572553873384   0.04052428988432333
0.24549106993102043   0.04752669194124226   0.6485572553873384   0.03976253764960347
0.24549106993102043   0.04752669194124226   0.6485572553873384   0.041935924141140224
0.22733352233417747   0.04752669194124226   0.6485572553873384   0.034601953755491466
0.24549106993102043   0.04752669194124226   0.5026326703313172   0.043087342499423364
0.24549106993102043   0.04752669194124226   0.6485572553873384   0.03976253764960347
0.24549106993102043   0.04752669194124226   0.6485572553873384   0.03976253764960347
0.24549106993102043   0.04752669194124226   0.6485572553873384   0.043087342499423364
0.24549106993102043   0.04752669194124226   0.5538136267544127   0.0421369263315845
0.24549106993102043   0.04752669194124226   0.6485572553873384   0.031208511197904576
0.21199634262588962   0.04752669194124226   0.6195671210271301   0.029522996562071135
0.24549106993102043   0.04752669194124226   0.6485572553873384   0.032911387477013165
0.28363963525576064   0.04752669194124226   0.6185090618088686   0.043087342499423364
0.24549106993102043   0.04752669194124226   0.6485572553873384   0.04334326664762478
0.21413426575476846   0.04752669194124226   0.6485572553873384   0.029522996562071135
0.24549106993102043   0.04752669194124226   0.568092274214679   0.029522996562071135
0.24549106993102043   0.04752669194124226   0.6485572553873384   0.043087342499423364
0.24549106993102043   0.04752669194124226   0.6485572553873384   0.03375200596761663
0.24549106993102043   0.04752669194124226   0.5942148666895203   0.04010418745667543
0.24549106993102043   0.04752669194124226   0.6485572553873384   0.031208511197904576
0.24549106993102043   0.04752669194124226   0.6485572553873384   0.031208511197904576
0.24549106993102043   0.04752669194124226   0.6485572553873384   0.032911387477013165
0.19293197618060887   0.04752669194124226   0.6485572553873384   0.03484468601387114
0.24549106993102043   0.04752669194124226   0.6485572553873384   0.032911387477013165
0.2171283847109745   0.04752669194124226   0.6485572553873384   0.031208511197904576
0.28363963525576064   0.04752669194124226   0.5445947846912371   0.043087342499423364
0.24549106993102043   0.04752669194124226   0.6485572553873384   0.031082037702979237
0.24549106993102043   0.04752669194124226   0.6485572553873384   0.0369419575159351
0.2326959975079953   0.04752669194124226   0.6485572553873384   0.041935924141140224
0.24549106993102043   0.06350211748166767   0.5967185333285253   0.038070314127779836
0.24549106993102043   0.04752669194124226   0.6485572553873384   0.032911387477013165
0.24549106993102043   0.04752669194124226   0.6485572553873384   0.043087342499423364
0.24549106993102043   0.04752669194124226   0.5303520544804008   0.043087342499423364
0.24549106993102043   0.04752669194124226   0.6485572553873384   0.031208511197904576
0.24549106993102043   0.04752669194124226   0.6485572553873384   0.029522996562071135
0.24549106993102043   0.04752669194124226   0.6485572553873384   0.04010418745667543
0.24549106993102043   0.04752669194124226   0.6485572553873384   0.04019896470756046
0.24549106993102043   0.04752669194124226   0.6485572553873384   0.03976253764960347
0.24549106993102043   0.04752669194124226   0.6485572553873384   0.04052428988432333
0.24549106993102043   0.04752669194124226   0.5303520544804008   0.043087342499423364
0.24549106993102043   0.04752669194124226   0.6485572553873384   0.04334326664762478
0.24549106993102043   0.04752669194124226   0.6485572553873384   0.04052428988432333
0.24549106993102043   0.04752669194124226   0.6485572553873384   0.029522996562071135
0.24549106993102043   0.04752669194124226   0.6485572553873384   0.031980337912842716
0.24549106993102043   0.04752669194124226   0.6485572553873384   0.032911387477013165
0.24549106993102043   0.04752669194124226   0.6485572553873384   0.03794402008126496
0.2838300269326933   0.05119227242640989   0.6185090618088686   0.043087342499423364
0.24549106993102043   0.04752669194124226   0.6638469276950681   0.032911387477013165
0.23327249953142737   0.04752669194124226   0.6485572553873384   0.031082037702979237
0.24549106993102043   0.04752669194124226   0.6485572553873384   0.03134319294867105
0.24549106993102043   0.04752669194124226   0.6485572553873384   0.031082037702979237
0.24549106993102043   0.04752669194124226   0.6485572553873384   0.03565703691968136
0.11812894394547169   0.14208112230673053   0.5967185333285253   0.038070314127779836
0.24549106993102043   0.04752669194124226   0.6485572553873384   0.043087342499423364
0.24549106993102043   0.04752669194124226   0.6485572553873384   0.031082037702979237
0.24549106993102043   0.04752669194124226   0.6485572553873384   0.041935924141140224
0.24549106993102043   0.04752669194124226   0.6485572553873384   0.03565703691968136
0.24549106993102043   0.04752669194124226   0.6485572553873384   0.04119400660309491
0.24549106993102043   0.04752669194124226   0.6485572553873384   0.031980337912842716
0.24549106993102043   0.04752669194124226   0.6485572553873384   0.03565703691968136
0.24549106993102043   0.04752669194124226   0.531264801904291   0.0421369263315845
0.24549106993102043   0.04752669194124226   0.6485572553873384   0.04052428988432333
0.24549106993102043   0.04752669194124226   0.5667235750909555   0.03565703691968136
0.24549106993102043   0.04752669194124226   0.6377672506837113   0.043087342499423364
0.24549106993102043   0.04752669194124226   0.6485572553873384   0.043087342499423364
0.24549106993102043   0.04752669194124226   0.6485572553873384   0.031980337912842716
0.24549106993102043   0.04752669194124226   0.6485572553873384   0.043087342499423364
0.24549106993102043   0.04752669194124226   0.6485572553873384   0.03565703691968136
0.24549106993102043   0.04752669194124226   0.6485572553873384   0.031980337912842716
0.24549106993102043   0.04752669194124226   0.6485572553873384   0.04052428988432333
0.24549106993102043   0.04752669194124226   0.5039324233842603   0.04052428988432333
0.24549106993102043   0.04752669194124226   0.6485572553873384   0.03976253764960347
0.2370207063142994   0.04752669194124226   0.5965779252103348   0.032911387477013165
0.11812894394547169   0.14208112230673053   0.5967185333285253   0.038070314127779836
0.24549106993102043   0.04752669194124226   0.6485572553873384   0.03794402008126496
0.24549106993102043   0.04752669194124226   0.6485572553873384   0.043087342499423364
0.24549106993102043   0.04752669194124226   0.6485572553873384   0.031208511197904576
0.2589938328886572   0.04752669194124226   0.6485572553873384   0.03794402008126496
0.24549106993102043   0.04752669194124226   0.6485572553873384   0.043087342499423364
0.24549106993102043   0.04752669194124226   0.6485572553873384   0.029522996562071135
0.24549106993102043   0.04752669194124226   0.6485572553873384   0.041935924141140224
0.24549106993102043   0.04752669194124226   0.6485572553873384   0.03976253764960347
0.24549106993102043   0.04752669194124226   0.6485572553873384   0.04010418745667543
0.24549106993102043   0.04752669194124226   0.6485572553873384   0.029522996562071135
0.24549106993102043   0.04752669194124226   0.6485572553873384   0.04334326664762478
0.24549106993102043   0.04752669194124226   0.6485572553873384   0.043087342499423364
0.28363963525576064   0.021154863932019263   0.6485572553873384   0.04334326664762478
0.24549106993102043   0.04752669194124226   0.568092274214679   0.029522996562071135
0.11812894394547169   0.14208112230673053   0.5967185333285253   0.038070314127779836
0.24549106993102043   0.04752669194124226   0.6485572553873384   0.03976253764960347
0.24549106993102043   0.04752669194124226   0.6485572553873384   0.03134319294867105
0.24549106993102043   0.04752669194124226   0.5012953529373237   0.043087342499423364
0.199148906250058   0.04752669194124226   0.6848095580408967   0.03075296138322381
0.24049082351801632   0.04752669194124226   0.6485572553873384   0.032911387477013165
0.24549106993102043   0.04752669194124226   0.6485572553873384   0.043087342499423364
0.24549106993102043   0.04752669194124226   0.6485572553873384   0.03375200596761663
0.24549106993102043   0.04752669194124226   0.6485572553873384   0.041935924141140224
0.24549106993102043   0.04752669194124226   0.6485572553873384   0.041935924141140224
0.24549106993102043   0.04752669194124226   0.6485572553873384   0.03375200596761663
0.24549106993102043   0.04752669194124226   0.6485572553873384   0.03565703691968136
0.24062718286624352   0.04752669194124226   0.5011368678458205   0.03134319294867105
0.11812894394547169   0.14208112230673053   0.5967185333285253   0.038070314127779836
0.24549106993102043   0.04752669194124226   0.6485572553873384   0.034601953755491466
0.24549106993102043   0.04752669194124226   0.580481336546608   0.03134319294867105
0.24549106993102043   0.04752669194124226   0.6485572553873384   0.03976253764960347
0.24746427053395914   0.04752669194124226   0.6485572553873384   0.04334326664762478
0.24549106993102043   0.04752669194124226   0.5222419256055454   0.032911387477013165
0.24549106993102043   0.04752669194124226   0.6339712355397953   0.029522996562071135
0.24549106993102043   0.04752669194124226   0.6485572553873384   0.031208511197904576
0.24549106993102043   0.04752669194124226   0.6485572553873384   0.032911387477013165
0.24549106993102043   0.04752669194124226   0.6485572553873384   0.040340508743952896
0.24549106993102043   0.04752669194124226   0.6388888845422181   0.043087342499423364
0.24549106993102043   0.04752669194124226   0.6485572553873384   0.043087342499423364
0.24549106993102043   0.04752669194124226   0.6176282220016576   0.0421369263315845
0.24549106993102043   0.04752669194124226   0.6485572553873384   0.03565703691968136
0.18449420510894754   0.04752669194124226   0.6485572553873384   0.029522996562071135
0.25485993512174465   0.04752669194124226   0.6485572553873384   0.03565703691968136
0.24549106993102043   0.04752669194124226   0.6485572553873384   0.031980337912842716
0.25890698960137437   0.04752669194124226   0.6485572553873384   0.04334326664762478
0.24549106993102043   0.04752669194124226   0.531264801904291   0.0421369263315845
0.24549106993102043   0.04752669194124226   0.6485572553873384   0.03976253764960347
0.24549106993102043   0.04752669194124226   0.6485572553873384   0.03375200596761663
0.24549106993102043   0.04752669194124226   0.6485572553873384   0.03976253764960347
0.24549106993102043   0.04752669194124226   0.6485572553873384   0.031980337912842716
0.2838300269326933   0.028451037886836228   0.6185090618088686   0.043087342499423364
0.24549106993102043   0.04752669194124226   0.6485572553873384   0.03976253764960347
0.24549106993102043   0.04752669194124226   0.6485572553873384   0.031980337912842716
0.24549106993102043   0.04752669194124226   0.6485572553873384   0.03375200596761663
0.21676953851621172   0.04752669194124226   0.6485572553873384   0.03904009104810169
0.24549106993102043   0.045051117974211796   0.6485572553873384   0.029522996562071135
0.22733352233417747   0.04752669194124226   0.5240216444016624   0.04010418745667543
0.2483085275055038   0.04752669194124226   0.6485572553873384   0.03976253764960347
0.24549106993102043   0.04752669194124226   0.5882614584635188   0.04052428988432333
0.24549106993102043   0.04752669194124226   0.5140731988667405   0.032911387477013165
0.24549106993102043   0.04752669194124226   0.5242652432191128   0.03976253764960347
0.25684523704103224   0.04752669194124226   0.6485572553873384   0.03375200596761663
0.18481008159537915   0.04752669194124226   0.6339712355397953   0.029522996562071135
0.24549106993102043   0.04752669194124226   0.6018333632286673   0.031208511197904576
0.25890698960137437   0.14408477715078216   0.531264801904291   0.0421369263315845
0.24549106993102043   0.06460191953553063   0.6185090618088686   0.043087342499423364
0.24549106993102043   0.08962651639408636   0.6185090618088686   0.043087342499423364
