0.2958256197360476   0.4601045101051955
0.32436513654507493   0.1384738148538911
0.41034410788274733   0.42571963643202226
0.18264000851727347   0.6176136636853705
0.18430579749708464   0.21277978679994047
0.026917538079443304   0.0024534040126826806
0.38235102161055246   0.26070504062582267
0.01660657622004169   0.7602027394485064
0.08521281605362252   0.19097698723958567
0.48346601540569056   0.10118565548889313
0.8014246308938154   0.176249033358728
0.387591639212314   0.6106753585159613
0.18293886576039942   0.19526951037821327
0.09743098745771772   0.5194543597637966
0.14136952794247548   0.7238947266481552
0.2219919961318948   0.5372399518641852
0.13369748993893882   0.2477277028364565
0.5647500010107642   0.30506537018520175
0.12145692859269241   0.2886285594200997
0.287493762339052   0.6597730308893551
0.07858547180007591   0.804874584572391
0.12267956755951448   0.2799657909981297
0.31176958597977356   0.37143827579323396
0.3512026073636425   0.007870402970030832
0.08406996063695038   0.38017911573961416
0.08625080565030063   0.30580795373845493
0.24959439084231294   0.18946525041319462
0.659973696782287   0.24439147547389262
0.2651186119142759   0.5674896935467078
0.14364268809687553   0.3769307283682415
0.6023418623737923   0.2620390903743671
0.3608010595240134   0.1921239180945591
0.22142399943901814   0.06514596490736091
0.18293338549721838   0.5207770524115294
0.025118686845166827   0.07423188277585979
0.7288523681782806   0.13003148315259183
0.34369994822967054   0.2903640717118944
0.09995317282300265   0.8469832883489592
0.1353861988189059   0.30027160686727583
0.2923435657668282   0.16357229656330774
0.46172530530731226   0.4209700290426044
0.6746732032991432   0.1444375234540869
0.4697347432399819   0.3701702079644693
0.5797623006064162   0.11371682412189166
0.08773416852807203   0.17856402454134723
0.11960218201512074   0.8142431744087428
0.6699975333076181   0.14173271164434698
0.4383110592016115   0.46667351850688576
0.09417889673118807   0.03489756760984364
0.031172664866925825   0.4660029957966726
0.06478358093009129   0.3188404099595248
0.04847062282288861   0.7207416203161391
0.5682818402929513   0.3436609904726332
0.4110482669069657   0.20632376015321907
0.5538254630645844   0.09320625404173422
0.1664777793057689   0.3938803836863707
0.031821857525999975   0.5546798889195992
0.7638129659855315   0.17768259211985893
0.21940869535413876   0.5087821575779115
0.1961781411962561   0.7720024988380138
0.4990983717944679   0.0627724182014211
0.03726134668125336   0.0904539065840404
0.6003760696798456   0.32204652261585553
0.205780659122492   0.46728917123613256
0.010713726539100521   0.8212319762161264
0.23829441461291512   0.7599212915844082
0.5841093412787042   0.41551354219272796
0.16023937537238764   0.20948784175613144
0.44305090797300517   0.1310732533537683
0.29556676636865387   0.33582783242703007
0.38567601789980177   0.36306383664240316
0.1979217494367731   0.6896275154632855
0.19342080377453563   0.0687524502218898
0.6806246765597362   0.24326244085561954
0.16243258721748033   0.7784034967914732
0.003669159033693248   0.9669145523528753
0.5277635956304195   0.18567380886488216
0.5075769354323026   0.3123160642410088
0.19741825358698784   0.5697649179511953
0.282384961143615   0.42851272311398814
0.3478999846405303   0.2913637858110202
0.5866118163249838   0.03910985181559201
0.02451726014622091   0.7838784926945731
0.09585253757853629   0.03941362790140801
0.9493815293487228   0.038241707665050195
0.14490987408155342   0.41339460224085656
0.6201166945646204   0.01424460507057046
0.2695391895768221   0.3812817453786893
0.3687192735744751   0.46518109396687823
0.2149002654893475   0.6361533710222167
0.3910776469879854   0.21872365306767327
0.3706813842847818   0.5853794808520327
0.5412138116889651   0.36286575195890935
0.09304994098544184   0.36807335369530236
0.15758619209996771   0.40936871366757155
0.31755202768660284   0.6565875379905427
0.7473854127130696   0.046873786917075555
0.04357091595129703   0.7810166571593332
0.3518011937992065   0.18130239990217867
0.07899752732078535   0.17278822965614937
0.3429613593770513   0.5644267905872306
0.01571870576548129   0.030455083603083577
0.3944591544000656   0.42346297215100115
0.09998990347220071   0.045631140060315656
0.1572590576212196   0.3432173429899156
0.5095730597776966   0.4078122601864336
0.35973071150775626   0.38035966743721694
0.19256076078148265   0.19311578245280026
0.00972956325788421   0.8841110830501739
0.17959199749811394   0.432526968638279
0.2870280433003227   0.6765028727318424
0.017294977336245854   0.5678316631537647
0.6145554281010185   0.09109146928239975
0.10390944154236603   0.7842143383111498
0.19127689062612951   0.13335520911711973
0.5234543134209804   0.09297955244825096
0.15127140904936254   0.07035893245940894
0.9178429295433576   0.056258991491484944
0.43887413259128016   0.08077078929363912
0.5200188065140406   0.33256915494782013
0.08547189996133975   0.49518683454979573
0.07997412584530583   0.03933155985692238
0.17032259111008485   0.7495717326664997
0.6654178480443247   0.16007811423055363
0.6911906160494177   0.07810041447660465
0.07901439036401858   0.019274625826762315
0.28604550470610834   0.321681373899669
0.31123832504519   0.20562617029540708
0.6057435678431231   0.026576246594415598
0.16288867855607425   0.4863592785141897
0.6040462292288118   0.12028455528788673
0.5603843198666433   0.061643187055539395
0.18451961328382716   0.21824352117260004
0.05508989585274848   0.2508517261368495
0.190790807585975   0.738492862308497
0.2923840938318554   0.6135644270615661
0.8560320347138558   0.11298829052878578
0.6864491079723507   0.1833894099182659
0.002705430911479678   0.890233116831354
0.9052196420581382   0.0018448028409264738
0.3239010926949065   0.08611381716722066
0.13250645369277525   0.17989683789226374
0.10544015183684152   0.5893423111162291
0.5946990111648057   0.0858391543194168
0.0521344556079707   0.9459914990462456
0.7152967796072998   0.09893743963939661
0.5232339179397858   0.4601387132781164
0.07199075548591005   0.3500838543092989
0.734314028224181   0.15996103699426267
0.3772416184507852   0.1850393397561566
0.4218061894530246   0.1384738148538911
0.18430579749708464   0.6283519326200149
0.38235102161055246   0.4132953186925791
0.01660657622004169   0.5428901315418835
0.43173954084841537   0.10118565548889313
0.10939193716646989   0.6106753585159613
0.18293886576039942   0.1376137996563096
0.09743098745771772   0.8635415444990063
0.13369748993893882   0.7844889817324597
0.17611709973541123   0.2886285594200997
0.287493762339052   0.07802204852077432
0.208700049751938   0.37143827579323396
0.6955594142074353   0.007870402970030832
0.08406996063695038   0.882206084696556
0.1939769083114703   0.30580795373845493
0.32263535471400673   0.5674896935467078
0.14364268809687553   0.24184902733397817
0.6976568180297444   0.1921239180945591
0.22142399943901814   0.6170971136152958
0.3940108144300368   0.07423188277585979
0.34369994822967054   0.4314998542977708
0.13874499038684052   0.8469832883489592
0.1353861988189059   0.4478028669168024
0.3354910538317756   0.16357229656330774
0.029991011488599617   0.4209700290426044
0.3961597636310974   0.3701702079644693
0.5797623006064162   0.26508803766752953
0.08773416852807203   0.044323360600421635
0.6699975333076181   0.106466186548824
0.09417889673118807   0.5926637490539862
0.031172664866925825   0.39830163739107083
0.45281449892489745   0.3188404099595248
0.04847062282288861   0.6282722244635576
0.2897573306037653   0.3436609904726332
0.031821857525999975   0.050101260986982976
0.1961781411962561   0.08038356130746893
0.01604361791018094   0.0627724182014211
0.2568855911676937   0.0904539065840404
0.205780659122492   0.480571050435868
0.010713726539100521   0.26391704755358547
0.7684758747587819   0.20948784175613144
0.29556676636865387   0.35006112097019604
0.05706435099560914   0.0687524502218898
0.7201593358434625   0.24326244085561954
0.19741825358698784   0.4287803024432576
0.282384961143615   0.5753266389667567
0.3478999846405303   0.3532347956659183
0.03700044696506988   0.03910985181559201
0.02451726014622091   0.6317354636543954
0.8657872431752379   0.03941362790140801
0.34752502441891875   0.038241707665050195
0.14490987408155342   0.4967633663907164
0.044491804520820466   0.01424460507057046
0.2695391895768221   0.5723570830113953
0.3687192735744751   0.2508697123319953
0.3910776469879854   0.4382606146293214
0.3706813842847818   0.22401318832135897
0.09304994098544184   0.8202999295292035
0.15758619209996771   0.6248326445597503
0.7473854127130696   0.19095421869740958
0.04357091595129703   0.20648518872965715
0.24510972463651692   0.18130239990217867
0.7023759078780417   0.17278822965614937
0.29847562249747095   0.030455083603083577
0.201937333091738   0.3432173429899156
0.04429236313285134   0.19311578245280026
0.00972956325788421   0.9289741552612661
0.5075890634429148   0.432526968638279
0.05358607097559942   0.5678316631537647
0.6145554281010185   0.22039557046256741
0.19340872459659708   0.13335520911711973
0.15127140904936254   0.6126826423811979
0.2903625020087257   0.056258991491484944
0.6725883493316152   0.08077078929363912
0.08547189996133975   0.6136494118609015
0.37072759933664867   0.03933155985692238
0.17032259111008485   0.44337507496664585
0.6911906160494177   0.2054611998012572
0.07901439036401858   0.8961578767296333
0.31123832504519   0.21587798893590326
0.15038644808222457   0.026576246594415598
0.22610930666040097   0.4863592785141897
0.5603843198666433   0.425295752739567
0.18451961328382716   0.28789210220768124
0.05508989585274848   0.07274623394298108
0.2923840938318554   0.15658221693017405
0.5599529839734593   0.11298829052878578
0.9052196420581382   0.01518174285079854
0.17891171116740145   0.08611381716722066
0.07057953429329   0.17989683789226374
0.24272495461155763   0.5893423111162291
0.5946990111648057   0.32671445865812976
0.33758523487162595   0.09893743963939661
0.07199075548591005   0.23498451953927546
0.734314028224181   0.04905552261578805
0.14979531297085913   0.1850393397561566
0.7051966906132271   0.08830739123249398
0.09664972906704306   0.2823393351290807
0.018140212822014168   0.44185955889907225
0.3154905571183799   0.1292730185265597
0.8582533476654448   0.008256742576405629
0.12239124759004316   0.6163979453803454
0.023519236409380584   0.8484410834290135
0.5614231771670523   0.40535324393966143
0.3266941299122279   0.12845577651203244
0.034100598606634835   0.3710790860015851
0.6203215104099286   0.18117874486482777
0.16974894557303877   0.5863871075286863
0.7379057328766888   0.2513595540956265
0.36224328429673147   0.4954290235705051
0.07793615930622733   0.010172007897814472
0.5682845709368807   0.004661112555610969
0.6168446174757376   0.07397842730486981
0.18517772563035007   0.5907015775199794
0.3691375932205885   0.24750681291602084
0.37068895892523424   0.5970790798274695
0.3512678990002088   0.42965049619840334
0.7559131290175235   0.06693314859306898
0.3819778248527034   0.17383636348567333
0.549774830323529   0.3137669292027473
0.11099231679173216   0.5691960678384427
0.2682795968534777   0.09829625199643144
0.1526984959809483   0.2229867548295471
0.3915040959232643   0.5070229795253929
0.4829105431983729   0.21912010079540012
0.15818037577901722   0.50184799840127
0.6461841955495674   0.17718179819501123
0.05841375598509835   0.575875173481959
0.44995975644603725   0.270988652040729
0.2145188635722236   0.7488610738884014
0.11589658404474967   0.8576373572432209
0.5014996553849176   0.26759543937510677
0.07758400456467895   0.3931976945470095
0.25728986907626994   0.10890006695086396
0.1534100675541673   0.6576670260771482
0.018347296359893295   0.7755091722099028
0.1963737045928149   0.7978269410275997
0.5110756467382939   0.27319322284326475
0.16792685080252245   0.19942876613005367
0.5533070945302115   0.13973636322690386
0.6811797710978271   0.11369971446010907
0.3762721903204508   0.02995404808026958
0.16694147060855002   0.8200865996336534
0.5064731243865179   0.14883949760264614
0.31566231268886824   0.5506354329254558
0.375642352869453   0.3683197888767029
0.06430208886125788   0.42005975314508415
0.23502598395115715   0.3296123094636484
0.6771842287566412   0.03756063795611697
0.7541349213473396   0.08376390303319359
0.4678612768118434   0.09877059795786192
0.18557467473718736   0.24438063171853053
0.1428915386833296   0.5993311056491463
0.011947746830333283   0.8397694472484418
0.24887886309890406   0.32677424052746884
0.05310978735454597   0.9081544166809781
0.04683821805234978   0.04383925822292445
0.20091840920883852   0.6690353951873138
0.2687374436542548   0.5102002824582089
0.14387282413138158   0.06598811879507793
0.29219720591510134   0.5375383612020522
0.030799814311975537   0.3362272987864682
0.44629972124450523   0.507079744178313
0.4980726978088643   0.3974994737573
0.6163265558600741   0.33593607101060086
0.08770886704012248   0.06240555068969489
0.029498211026184662   0.8361457599163474
0.7031944112329684   0.02586591252559367
0.5526057658672822   0.269628382911528
0.2435221236377394   0.1553172971759038
0.39361664749571035   0.024058416725325382
0.05465869641049392   0.570670100931017
0.2235194999147092   0.22621989670075715
0.21948636896530094   0.5726795965385273
0.30880005485033446   0.43433339363936163
0.2822694396669514   0.08590170502112271
0.5299682778302813   0.21084099584910188
0.03886271024004473   0.49350817832573024
0.568564834690873   0.42644979002314776
0.015998994610303408   0.7910168804536485
0.7693367972468707   0.22225673246964206
0.28147745218790343   0.1630843776157258
0.3231050482570108   0.5037741292156869
0.7904503858750969   0.19541978263441018
0.1764649697394085   0.6444476198224384
0.4000861249823874   0.05748036862125383
0.22056160600089825   0.22739234451501178
0.1094780233810182   0.590003291389428
0.7218018812923692   0.11287225458410122
0.0851139191550827   0.623461365834791
0.7433494645849446   0.2445318532799593
0.6271628078895165   0.2342938920704154
0.30402185118504377   0.462731208295855
0.3417841977865166   0.6056671405206435
0.34388546414212817   0.5196997087613131
0.3065765068660471   0.5523721355334512
0.9254333148772119   0.002453514323251471
0.7339257445740012   0.09557125166960478
0.041058298578821595   0.04186621401348267
0.20599363168203433   0.6523863113768139
0.11370132479904138   0.6133026814522458
0.6570121637336643   0.18549989464207484
0.29637842274756465   0.06909661426119929
0.7187076760309161   0.21239957919937658
0.3094236436072485   0.549351942022288
0.02330890961101484   0.51159581560413
0.29974250658568147   0.12684975472440452
0.43740953991003395   0.23873504409473134
0.08756205085708124   0.6699000580246731
0.05293722510940857   0.742508658368771
0.6277323736701657   0.11688368154729234
0.8613466637716045   0.10802581955250024
0.3004752901680796   0.4744982764823167
0.16617134703716308   0.0726712366072566
0.7027472539530409   0.17724144580960843
0.2708673078237559   0.13158161311091643
0.20424143238932513   0.27112960829631083
0.011801039734048446   0.8347732463533677
0.42270308556483926   0.33763683513126896
0.329687584948254   0.5426577203783066
0.6970092605332434   0.09607705409096445
0.44537637346625103   0.0014090591496026539
0.062370244774960226   0.7593884153060078
0.09359668684945055   0.4897758840883376
0.11986515175672274   0.4742533830269545
0.725094443754214   0.1425117543289326
0.33388792237562936   0.5442682998122379
0.19698601394579662   0.06523138935250572
0.07415481562252524   0.7865490232040994
0.35707109464980946   0.5346853777005686
0.09167775148614987   0.743540142671643
0.5959843585893745   0.36233773386861334
0.45954385241639517   0.14734432399870023
0.4487182248695274   0.542412675191639
0.0446259765957675   0.040657995662983226
0.34851769938466304   0.4876254828135306
0.10989243032018636   0.375531322309135
0.018140212822014168   0.735045465122994
0.2719895247857471   0.1292730185265597
0.12239124759004316   0.870485858960865
0.023519236409380584   0.2167013476527132
0.5614231771670523   0.050907251306433254
0.8157304435514862   0.12845577651203244
0.36224328429673147   0.6235014940255214
0.9839850649778633   0.010172007897814472
0.5682845709368807   0.2240205731915017
0.6168446174757376   0.326991269766725
0.21448256961149603   0.5907015775199794
0.4497882864758961   0.24750681291602084
0.1791624182620618   0.42965049619840334
0.732549600111883   0.06693314859306898
0.11099231679173216   0.09935537900526348
0.020378396160511736   0.09829625199643144
0.1526984959809483   0.46805473094006345
0.3498769671084264   0.5070229795253929
0.5758169439560349   0.21912010079540012
0.15818037577901722   0.1911955156130849
0.2633165830083102   0.575875173481959
0.44995975644603725   0.5156589511430223
0.07758400456467895   0.07726567911932947
0.38295558951273045   0.10890006695086396
0.1534100675541673   0.0090324173378179
0.28774623175524894   0.19942876613005367
0.5533070945302115   0.041123142454387196
0.15174020985436443   0.02995404808026958
0.16694147060855002   0.8302515694856835
0.5064731243865179   0.33968725778160247
0.31566231268886824   0.09119388436359643
0.375642352869453   0.11298788011059979
0.23502598395115715   0.7055361320216798
0.47585421373819203   0.03756063795611697
0.4678612768118434   0.2896059131633887
0.23964884650093943   0.24438063171853053
0.1428915386833296   0.25722930470208605
0.011947746830333283   0.5052464779737958
0.38245484299765564   0.32677424052746884
0.05310978735454597   0.6429734325795956
0.46767760927652513   0.04383925822292445
0.021027616427605755   0.6690353951873138
0.14387282413138158   0.6768557233746335
0.29219720591510134   0.4470040606967629
0.034457924750247004   0.3362272987864682
0.08729019329549215   0.3974994737573
0.08770886704012248   0.7093881282779281
0.651510632492407   0.02586591252559367
0.26929545118729703   0.269628382911528
0.08629967730126864   0.1553172971759038
0.8282126333633911   0.024058416725325382
0.1247560279798422   0.570670100931017
0.30880005485033446   0.5562192376565104
0.2822694396669514   0.5101835137369735
0.5299682778302813   0.21414459248037698
0.3144231035177598   0.49350817832573024
0.28147745218790343   0.22741863091321834
0.1764649697394085   0.1570232034705431
0.9025772217606761   0.05748036862125383
0.22056160600089825   0.15417852842422597
0.1094780233810182   0.2991373759134274
0.7218018812923692   0.1372012289164557
0.17273693898354103   0.2342938920704154
0.3417841977865166   0.5928117073869096
0.435610924140044   0.5196997087613131
0.4093729267012165   0.5523721355334512
0.26416198820160874   0.002453514323251471
0.3350581458968873   0.09557125166960478
0.09067329089924836   0.04186621401348267
0.3632083388911166   0.6133026814522458
0.7591819693649201   0.18549989464207484
0.5915544913094589   0.06909661426119929
0.7768031642605683   0.21239957919937658
0.3094236436072485   0.09931480750289234
0.5683072635412965   0.23873504409473134
0.08756205085708124   0.18697248647936193
0.5471260251462735   0.11688368154729234
0.3004752901680796   0.44911020964130066
0.22941418054264162   0.0726712366072566
0.545442848306982   0.17724144580960843
0.7150669765537513   0.13158161311091643
0.20424143238932513   0.34608872078159136
0.42270308556483926   0.5195728762653804
0.329687584948254   0.6092698619087851
0.44537637346625103   0.33362266508657734
0.062370244774960226   0.7332366834019957
0.09359668684945055   0.7699595575277096
0.16824701903259232   0.4742533830269545
0.33388792237562936   0.47399678196631656
0.07415481562252524   0.18543150813531917
0.35707109464980946   0.06850812669774897
0.4487182248695274   0.3641384007092817
0.847517390007332   0.040657995662983226
0.02191417610397206   0.375531322309135
0.017381839856350445   0.5692182469391395
0.2592008971419333   0.265208572480196
0.44004004891824644   0.440739721991103
0.8071467043382615   0.12831632854903774
0.7873892133647791   0.19391324721668268
0.14637503851834888   0.5289985280601466
0.11899342350843733   0.5741116628369766
0.8839438909946549   0.11045866658406511
0.16835264106048964   0.07149316111511306
0.01826146335696599   0.4006871910937997
0.1988801279132265   0.5458678950151244
0.531275614059179   0.07230509713708655
0.08863318474598625   0.9004428645634011
0.158844679267518   0.4028536286950869
0.45113617232088044   0.26107226304632025
0.5787294998804514   0.00731813528495473
0.3649937724962641   0.053902275428115765
0.2879972853045797   0.09045541807230917
0.43369610497949773   0.28265412931123346
0.04154115876850384   0.14268627255074795
0.8452810599240451   0.030039944941777086
0.0652949118569428   0.20824984181470674
0.13881584133703828   0.281175079218438
0.3471975733063769   0.25827874144718965
0.17316089089338815   0.2718298979504784
0.8189170205995144   0.17380467511357678
0.006815370289290135   0.5233186972723998
0.12137318904784011   0.5564991921626843
0.566277399790936   0.3194267647368987
0.3183640068969482   0.07878801592619045
0.46546526990046966   0.37837361752193743
0.1123737148202204   0.29325564477346
0.19120401208294635   0.3071207595823008
0.6352183876815154   0.22698759892052678
0.3387067547894401   0.4712749616842844
0.0679874144888073   0.032112905979743256
0.6015881822378022   0.08095790732818742
0.05354462887845701   0.2021468733317371
0.38201327862998247   0.4774339665646038
0.0024617032085606505   0.22434635869119934
0.26435993911102773   0.03634085324130243
0.02879307720614188   0.6901329977080918
0.16171173901620373   0.7943825517285849
0.027645920310505945   0.31379270017290817
0.08552553694309029   0.21919592578226488
0.19534507921071487   0.373217331076067
0.1289940116282543   0.03633948560407474
0.4974140167243183   0.17456952868530617
0.18213774312701358   0.6516569074000738
0.08398348644705955   0.4424992769046089
0.040650400951220855   0.47410997424056434
0.08174360969642103   0.2512851693331192
0.6004785817774461   0.018821167882136836
0.04190817964620108   0.624130335950233
0.1461882811407087   0.30954905449910997
0.027676796353506616   0.6029241045223172
0.4074713329333365   0.575709973707734
0.24161487482630428   0.7096294253755635
0.43526321273164925   0.23051084482203577
0.22272803754537784   0.5707189204882482
0.2370594385172572   0.632622830860698
0.09428437572675596   0.3617836102084251
0.18039319834446066   0.7666647737355912
0.23060300649676557   0.4248156398063
0.7005548822181827   0.0730959189433853
0.026106301130393472   0.4671295535614831
0.6296908323205025   0.04930798567254835
0.35044706012852267   0.28799887443168426
0.6927466993016874   0.29195675194132553
0.5096978000105857   0.4534294784682801
0.20961352713176074   0.6166459612143371
0.0607933502332616   0.33248294243464194
0.6651964001063343   0.30127371863355956
0.35707556944190455   0.40668249540929335
0.1971236627789742   0.7088528342515131
0.21120574355502197   0.5289553993946824
0.1615337342895128   0.16433773165149834
0.014877811405235475   0.3433290232155215
0.4248120971146412   0.17204343105003939
0.04459257489333779   0.3777778495196793
0.6295750363400554   0.019766180061107863
0.8343860792747324   0.11184373125803138
0.3377457512696277   0.6607105597046439
0.07476232482993483   0.20141945289081242
0.2928265045027726   0.5832884656704865
0.02308604049893115   0.24761556015281905
0.2724878926748526   0.07134159287853947
0.5523869457671079   0.09266884141665244
0.26353317433670764   0.23205036762307807
0.17158221977096744   0.39980407730803524
0.2240174203109746   0.014782959221183667
0.08063029637440178   0.7750750877100595
0.26918742631633996   0.43610137014987016
0.7108860769190517   0.28022517038631123
0.13455632920827876   0.8463323616727819
0.7772835724863194   0.18961807285890953
0.335677438697229   0.09475822487540564
0.5564301290620961   0.14910615259698046
0.3959752221995453   0.46543299753305356
0.34362066171153705   0.19866192424351625
0.4369219786917933   0.4905319064617478
0.028617283532337834   0.6701996871968255
0.23671838990629568   0.6046340929087168
0.34462797773598364   0.24296994615576395
0.34134813935536   0.34342931973893875
0.29323237439550254   0.4261788123472936
0.6533013390801684   0.309030572326489
0.09919647454387548   0.8376985793260892
0.020121957538662194   0.10087784228218133
0.23406941510105483   0.26193196279032116
0.1426261998382934   0.18407579444352262
0.18771402467939569   0.022384283446063358
0.25834172163153823   0.2830397510243383
0.76654836242739   0.005264298591524663
0.3128571035084696   0.602700432815858
0.27429057185008876   0.12831632854903774
0.11899342350843733   0.4651411044530662
0.16835264106048964   0.6961125801955298
0.01826146335696599   0.1762864668612384
0.19053610432861334   0.5458678950151244
0.120880323529715   0.07230509713708655
0.08863318474598625   0.5844143118379398
0.5878263507694614   0.4028536286950869
0.45113617232088044   0.44056792170934034
0.6986297338015091   0.053902275428115765
0.2879972853045797   0.4187185215363194
0.4197613584044796   0.14268627255074795
0.1648364015981174   0.030039944941777086
0.0652949118569428   0.7031213658192023
0.40883646156805986   0.281175079218438
0.15360386044600416   0.2718298979504784
0.006815370289290135   0.331934123481226
0.6760494819260178   0.07878801592619045
0.34455454787286   0.37837361752193743
0.1123737148202204   0.46048490678300025
0.19120401208294635   0.7724577215579418
0.19629375373848357   0.22698759892052678
0.3387067547894401   0.5332440925668134
0.36671389530209964   0.032112905979743256
0.9158946968077541   0.08095790732818742
0.05354462887845701   0.2590654010929244
0.26435993911102773   0.34084775848707827
0.027645920310505945   0.24147925175541451
0.06929557307256728   0.21919592578226488
0.1289940116282543   0.5794767895054038
0.14865508682084494   0.17456952868530617
0.18213774312701358   0.3390911307510709
0.08398348644705955   0.6626593278357048
0.040650400951220855   0.8855173810862581
0.08174360969642103   0.02401289844121668
0.9004361810235901   0.018821167882136836
0.04190817964620108   0.6793290838223651
0.027676796353506616   0.6788412468664382
0.4074713329333365   0.4284960875127818
0.43526321273164925   0.5160137006367407
0.22272803754537784   0.146722869947584
0.26616881393055647   0.632622830860698
0.09428437572675596   0.04299457415281471
0.026106301130393472   0.12860383653570173
0.6296908323205025   0.2792914108674698
0.508596692009143   0.28799887443168426
0.20961352713176074   0.7866726524150119
0.0607933502332616   0.0187539368281755
0.17191768297344323   0.30127371863355956
0.3882966678671489   0.40668249540929335
0.4126260837492426   0.5289553993946824
0.1359870890754723   0.16433773165149834
0.4154206077738545   0.3433290232155215
0.04459257489333779   0.07985974035742416
0.6295750363400554   0.28564190824288116
0.5791562363120162   0.20141945289081242
0.2928265045027726   0.2980987939032159
0.6471108516546968   0.07134159287853947
0.10402559401520395   0.23205036762307807
0.17158221977096744   0.7628240385202131
0.2240174203109746   0.35774535466516966
0.26918742631633996   0.4987979148796562
0.13455632920827876   0.193129170216363
0.335677438697229   0.2549582892534643
0.02796924680114654   0.14910615259698046
0.34362066171153705   0.5037195646597196
0.17112473950099527   0.6701996871968255
0.09059707373383341   0.24296994615576395
0.29323237439550254   0.508475396968736
0.7104115900421115   0.10087784228218133
0.1426261998382934   0.2719303866747863
0.19647083739663496   0.022384283446063358
0.10636616992828096   0.005264298591524663
0.3128571035084696   0.0857914188780019
0.5107521870124   0.45624177895678586
0.6486804813369602   0.14489873326673197
0.23027972356562554   0.27459386062389934
0.7865407673600479   0.1303577657288324
0.27423337372139134   0.46129696624806016
0.5355263105360827   0.3543443808239808
0.5899019745273142   0.3834260788342152
0.030407131430294054   0.8443926693740103
0.2793439296714729   0.48701261414984076
0.6707369292318296   0.16194162404567303
0.5358538054158214   0.2798290959396106
0.7461163977114982   0.12338335936427935
0.4704012592077641   0.29217122986645994
0.42981692031826446   0.2405181282614326
0.07300276264625627   0.3409377094371858
0.11299389232950074   0.5265561752538991
0.27181221280267864   0.4562993545252141
0.46645585296933123   0.2398867663829909
0.9489352048984753   0.016881528741214513
0.19834623268738327   0.7769406625275825
0.455514665017976   0.018678167537078405
0.6315744049360696   0.23860686997052794
0.23440703454118794   0.23437319466394002
0.36823851200417945   0.252498152180619
0.10294514880547634   0.5640232697038394
0.7554484445122575   0.011295299329076802
0.4978841661275536   0.2753899331775521
0.29310770967540245   0.5913654951632535
0.3113942649680794   0.5609775539524078
0.2704226020368653   0.09751002469062287
0.4914434045956584   0.10319441824764686
0.818080511358144   0.04599780937332587
0.0588281714351675   0.20269076358584515
0.548501866213201   0.38809098348753823
0.27619041937361477   0.6426446053362653
0.07026815643265549   0.5253017936996996
0.3737036028677777   0.6232316354617086
0.6503215647638683   0.1946684156346663
0.2014537709628793   0.5636107933721092
0.5559398359620763   0.06188677423602951
0.012478021717754362   0.8067691881195562
0.34137939259747807   0.6212978715683256
0.26460755506075195   0.21332063394591494
0.6582228482163734   0.1371150584056524
0.21872437755709595   0.5150330604468987
0.5773789334484394   0.39469969676673544
0.15939654816682103   0.20546486864720603
0.2608967144509463   0.6410190320507517
0.16843168335969638   0.2012673152054153
0.5716890518449497   0.33324916778120717
0.10001762792828706   0.8850023740932255
0.08450883193603687   0.043676939480988275
0.03761568351717093   0.5894795131139507
0.2459307488888527   0.6542848586976083
0.598702683552747   0.3242207666693062
0.34356469019579783   0.16362248262018586
0.6383929706425767   0.3295983996406894
0.45902224999499375   0.23569370104005216
0.9039650636015159   0.04603565668504672
0.04825469047894693   0.1965552945494773
0.020368120294918524   0.14692017973627713
0.6120889733477233   0.22280736830504377
0.035958803164988895   0.6485383689888914
0.3731135780221737   0.1412873260485309
0.30505797353836794   0.47120542960677514
0.0536097627528187   0.367449991193991
0.014443570408748885   0.5023752729499342
0.09206368246731877   0.45033140239987
0.31734016125861064   0.4254419832490375
0.344860047342782   0.4808136396796717
0.4246352869032122   0.03680094153627034
0.19890594659886274   0.7194645676230688
0.12786468087322578   0.6509928046407966
0.9349641522404237   0.04495124651871785
0.05312341899412687   0.20121646462025777
0.3240036321204518   0.17703100210966305
0.7267811263882009   0.08874632054290332
0.3313808016210621   0.4844795083221245
0.19686828170006154   0.5245070694617942
0.855570123185986   0.11913275738758355
0.27422248095642265   0.23559253074025066
0.6269619083133334   0.1747496795494008
0.19991636374396105   0.5865736996457129
0.49546828838517043   0.2154505965919279
0.27789978292335393   0.4224582758718558
0.032756050784953916   0.9486871010769902
0.1895476503613358   0.3380411883373754
0.05813721467319244   0.1551203174106085
0.6337272231970821   0.3110765652933285
0.4901183794010987   0.2958533780455611
0.567007835492321   0.21252355236773002
0.23221722030053982   0.1464586550327922
0.4542037312755778   0.041051922978160404
0.2845755650438606   0.04172456388543144
0.6683955987412612   0.04478116591275039
0.029173359706039292   0.1867525034780404
0.3206706581118821   0.5799722346568666
0.06509680103947335   0.23028667806722425
0.749352281255606   0.22876411407697494
0.18630223013455716   0.43907950482725977
0.19666653810079981   0.6483936506863122
0.07300276264625627   0.07244764307202167
0.27181221280267864   0.4073295475994477
0.20886060540166995   0.2398867663829909
0.1492102972353746   0.016881528741214513
0.19834623268738327   0.16151037670882396
0.14251745614950695   0.018678167537078405
0.6315744049360696   0.09819021743498546
0.17688836502745642   0.252498152180619
0.10294514880547634   0.5795665810978516
0.7554484445122575   0.2038280969032994
0.17795588043449617   0.2753899331775521
0.15993185733863058   0.5913654951632535
0.3113942649680794   0.38886662834801333
0.4048786374919905   0.09751002469062287
0.5898140195034262   0.10319441824764686
0.4893643067938992   0.04599780937332587
0.5598659800968583   0.20269076358584515
0.548501866213201   0.10137763769600472
0.0991702446860585   0.6426446053362653
0.07026815643265549   0.8732919023984467
0.19580982284939175   0.1946684156346663
0.2014537709628793   0.5384699726981843
0.34137939259747807   0.6080410516940536
0.6675825996650953   0.21332063394591494
0.6308253330412902   0.1371150584056524
0.5773789334484394   0.3665350870964418
0.3035326556695208   0.20546486864720603
0.2608967144509463   0.26159779256018734
0.5503397164102484   0.2012673152054153
0.10001762792828706   0.4448962402361688
0.17547290840234975   0.043676939480988275
0.03761568351717093   0.8122172585015106
0.2459307488888527   0.2124415771365311
0.34356469019579783   0.21582089980734742
0.45902224999499375   0.33558163617581804
0.3850671033604738   0.1965552945494773
0.020368120294918524   0.6374131775566008
0.43623316875373064   0.22280736830504377
0.035958803164988895   0.29889890656111495
0.3731135780221737   0.20494812573325583
0.40241727314189557   0.47120542960677514
0.0536097627528187   0.26373713313711455
0.014443570408748885   0.26366263230280407
0.30392893113919506   0.45033140239987
0.31734016125861064   0.18556294803547446
0.37025069494444274   0.4808136396796717
0.7615572415787641   0.03680094153627034
0.12786468087322578   0.19793096886771877
0.03323397581050913   0.20121646462025777
0.3240036321204518   0.6541256874629633
0.8014632580014995   0.08874632054290332
0.3313808016210621   0.6324828332665172
0.1423170451961433   0.23559253074025066
0.18017839748034836   0.1747496795494008
0.2468592594539627   0.5865736996457129
0.5380561489762479   0.2154505965919279
0.032756050784953916   0.829186365072761
0.1895476503613358   0.6591357447002694
0.36650101763710696   0.21252355236773002
0.23221722030053982   0.41847740169990844
0.47865596800995525   0.041051922978160404
0.792681906013817   0.04172456388543144
0.3206706581118821   0.6593746803807227
0.06509680103947335   0.009296542463599677
0.45715197298896293   0.22876411407697494
0.18630223013455716   0.012167186190704005
0.922414541917275   0.026056035000363353
0.6097673746186515   0.08743835375835096
0.15067956118377457   0.7790611507860457
0.2255329123815487   0.7277055496369343
0.11783343904647725   0.7222069027985427
0.17521206314527116   0.5971221657705424
0.6933232865126425   0.18232599720309717
0.3600276866759904   0.37718638522799053
0.8435183083890851   0.153459723458377
0.10476597081967953   0.8547040005785014
0.5915308372268123   0.3196013432070708
0.008290921921176975   0.5847193032007613
0.09995315041886366   0.2854976370883927
0.3944300259937489   0.35333122608433476
0.6404246096333869   0.06806048736923487
0.3084671580925309   0.05205963838836125
0.34257822179206876   0.6458487443096136
0.15132747108201539   0.09749481415054562
0.005414340333959933   0.6354755818811643
0.38024625572726667   0.0559023997627226
0.038710290242853884   0.838319267357833
0.026385490777262155   0.33106747486230914
0.1546463124231655   0.6651601646116995
0.0533460047632095   0.23775049611876087
0.3867477339849382   0.255387260483833
0.6265474199679212   0.36091825813268863
0.20425635273599207   0.007947791939433957
0.08639228558870404   0.01667447093622776
0.6018189006548775   0.20035619367529223
0.3720831261654941   0.07096608850845498
0.015104999264216823   0.2593718871799444
0.0036486491388680875   0.3655779302824774
0.5879778810187578   0.3848485793826555
0.2781865421471116   0.06678705158311149
0.15824209583720017   0.03587996628943191
0.20247629399439737   0.46343998790398633
0.3913640139967841   0.13538701771557038
0.009450152585357197   0.9351496713949747
0.6389185601074499   0.0730851528413039
0.26228387464434333   0.1386863828918482
0.16309974489097367   0.4728193215274006
0.2628494521761724   0.5568215484879552
0.4355801999931349   0.5358438760085318
0.4398937444833202   0.10981687969213716
0.03714599561969567   0.5712807162864998
0.1055824479600811   0.28628302952933193
0.8096762846078562   0.14142044005628307
0.4256982824992037   0.07354308723401004
0.11299546416257789   0.8655459701682353
0.2538355607455113   0.2072910356590324
0.03555084543983955   0.35468642748231183
0.48553662367044004   0.265176069557829
0.10537597611368987   0.6422525723470879
0.44354453398851745   0.11699959089944723
0.24289411057135812   0.16368897156913897
0.52460011701811   0.029434875708696184
0.18326206524841782   0.08241120608830466
0.5371789087634595   0.19262066518111398
0.5237551633857038   0.012686042548350374
0.2779299347236367   0.10472388251575004
0.13173726781588346   0.009932506530444085
0.2855661241804398   0.4127333839475814
0.15527492683711075   0.7237694560041814
0.9072771903962913   0.01835667717824152
0.5345813675253127   0.012171474345369249
0.8391285832039381   0.007690616491644708
0.4635604543054478   0.4624457704715742
0.05139856114879371   0.23790571713146114
0.5103846400818496   0.41935857020503753
0.5410115876252878   0.12250900849898938
0.6749371557169552   0.2853360867312791
0.8880782166659106   0.0002126972441462982
0.24324767696505012   0.13240357966702898
0.08307105403683457   0.909277059427427
0.14152923460165534   0.6749320772702675
0.5785995862185208   0.40128639483169215
0.6238757977246101   0.07948489293659311
0.3757124585789796   0.5652472365885851
0.6949423247663794   0.21677410394174368
0.23625813469635049   0.7424913771101752
0.020509132050062884   0.24189282669351098
0.221472564931961   0.7008482021538109
0.586889520413962   0.24734118411603134
0.6054717036334273   0.258624017488014
0.20433873203886543   0.17402854026295367
0.327088846173055   0.2841465001919654
0.09225606595682001   0.4862121501755159
0.7269141878810897   0.15540539527311437
0.4607405462633938   0.1030349217220895
0.03319830352933295   0.635531812048126
0.22190905461023802   0.645547973471994
0.018926539250526342   0.8257639853438201
0.06660830972354503   0.28335233757708345
0.10306743918670624   0.7762417366099034
0.06423420519077838   0.20428487286791752
0.24724058946783656   0.007964130277603898
0.641431788069845   0.1404708697124183
0.14218205101690307   0.6161924766161917
0.6699145861719094   0.06970255078081466
0.6897291533354893   0.3092710936840414
0.3724825392510118   0.108452218930701
0.6236736503933342   0.1495224344506746
0.002147418171461357   0.6923159155476047
0.26059408321204114   0.7354599158372243
0.03740936576066212   0.43322073331826194
0.7415175566165956   0.23775049611876087
0.08639228558870404   0.308864864849119
0.6018189006548775   0.048481557202878056
0.3720831261654941   0.47163863184602406
0.14283483209207082   0.2593718871799444
0.47973500702982896   0.3655779302824774
0.2628221863120831   0.06678705158311149
0.3650738685275927   0.13538701771557038
0.009450152585357197   0.8264748765150032
0.18044842681855489   0.1386863828918482
0.05969046187417093   0.4728193215274006
0.35293756258668996   0.5358438760085318
0.17713633085715108   0.10981687969213716
0.5220982861714886   0.28628302952933193
0.9197061424289117   0.07354308723401004
0.11299546416257789   0.04779698017377687
0.7559762450596544   0.2072910356590324
0.10537597611368987   0.6078618401178942
0.8615369619332631   0.11699959089944723
0.24289411057135812   0.742409911590513
0.6185633846760055   0.029434875708696184
0.5280752745690274   0.08241120608830466
0.5237551633857038   0.3613489200161202
0.6119536997647697   0.10472388251575004
0.13173726781588346   0.8200876133256542
0.018160357751907608   0.7237694560041814
0.26688327967077496   0.012171474345369249
0.7433689546494611   0.23790571713146114
0.5103846400818496   0.014454116077982526
0.6749371557169552   0.1015132915796626
0.2216378622853421   0.13240357966702898
0.5785995862185208   0.0504099648625953
0.6949423247663794   0.037632148966761814
0.23625813469635049   0.55448540583168
0.11513234304137687   0.24189282669351098
0.221472564931961   0.599909487093213
0.1528793592801042   0.24734118411603134
0.20536921619795268   0.258624017488014
0.20433873203886543   0.37361470498474625
0.327088846173055   0.6391678178190561
0.09225606595682001   0.1617101763627561
0.06084677533360083   0.15540539527311437
0.012872242097452302   0.635531812048126
0.22190905461023802   0.7024243455705224
0.018926539250526342   0.5866844905233072
0.025885819981354197   0.28335233757708345
0.4522545892588372   0.007964130277603898
0.021119938776214764   0.1404708697124183
0.1812435216653525   0.6161924766161917
0.3724825392510118   0.09702220373738868
0.002147418171461357   0.36757271251807067
0.03740936576066212   0.6906799867008401
0.7321285480131068   0.25628358829119324
0.7254053102816729   0.21513280463749263
0.17817572955343752   0.11122933371410149
0.09854209072850739   0.6834904568856777
0.39743137887457014   0.10611346093358276
0.027909968253785555   0.12728691932756608
